0.1395585648973952
2.9702494068851872
11.546107924292766
16.959324603641477
22.497805225019338
26.65207616827223
30.802372160659107
34.448909693234164
37.70152487651309
40.672892853348
46.73024313338341
51.60420259393085
55.59770124835187
59.23155350096846
64.0566460323033
68.88169558790878
72.02150607722618
78.37555496947041
83.07897275324036
85.50160947803195
91.21140218952215
93.80407161957018
97.36629669741396
99.5215217701867
103.23076280642843
106.48274887428079
110.10673676329247
112.86984841784461
115.93777705108266
118.7020710825634
123.1132112808233
127.63894831569814
130.27506273460384
134.07777435369175
136.00765178450257
138.9967924087759
143.37802393191413
146.38585134508088
151.63314286053748
154.00809297247477
156.0629517744463
161.54652757937816
166.10001121756824
169.16373513014108
173.58048155752485
175.72626308374413
180.41547991125304
184.27491061135402
190.25083688830978
193.68723888285442
195.7660120071433
199.2784650742397
202.18651128072227
206.19417647723068
209.6567438048716
212.94640995337596
214.7407877335818
217.9857200650784
221.39485156238658
224.4791435305322
228.38636378254532
232.37135875680892
234.77480720153423
236.8749074402902
239.76069397407272
242.66633554179646
245.60760125601567
250.1748686504012
256.49352385344645
261.0982854576082
265.57407322036136
269.50157666188835
272.58167568494076
275.9742644592173
281.0976836708719
283.52521193728865
287.9442142913564
291.4293374078433
293.8117554909003
297.0311084985092
298.85676457785513
301.74030526535284
303.61098668041916
305.7851959919108
308.6205855399635
310.9143079318947
314.37421446141775
316.5311502629935
320.8380382590758
323.1828752730241
327.0484276533257
329.6815968868552
331.943526648473
336.68670330641305
340.3982168013682
342.10306568026624
344.4530202272157
346.8293623335709
349.11604152175363
352.6517504214815
355.4177203489658
360.22418247372485
363.6940859189388
366.0055954540181
368.80143379647643
370.1971018447854
372.576342803204
374.63391914797404
378.7027448358339
380.4191911179907
384.007882260543
386.6548449758627
389.38261826082953
393.18513577671695
396.125061075657
398.5447520256743
400.7005454107828
403.68995318621256
405.9466697315795
409.3464101235983
412.1079842877999
414.29232843465013
416.93327346916834
421.18214387153216
424.5723161634913
429.1471434094096
431.16893740494817
433.3944160750554
435.31298727986075
438.6729826902252
443.08461963211386
445.4587633877973
446.9420607879325
448.89752580267873
452.1787908455442
454.35431478941047
457.44224940011867
459.99490714135436
462.0037173693072
465.4701765078863
467.78355338693484
471.0126444737655
473.40094496516684
475.5900813501405
477.60383343980664
482.2396586240292
486.36765320512427
490.9688584854433
494.67859923111104
498.4483532219144
500.3814772448189
504.03151120153177
506.98477289839167
508.7693466295943
511.0211922271572
513.1725906685815
515.0731638363959
519.6620146716475
521.6272936011338
527.4224937968152
529.9230700933401
532.1466881240086
534.1575806587638
537.7108950389415
541.6232850015002
544.5767176562041
546.4867328662922
548.7803407235884
550.970783145704
556.0692941252664
559.0341956298053
562.7133363259393
565.2992970773968
567.8118640785988
570.2746298943365
572.3389163938625
576.9832141077119
578.7842585480821
580.7717659074782
583.937130022162
587.9071039971608
591.5582495667787
593.9553382835419
599.3612339308123
601.4711494406165
605.5170307518043
609.1596760336466
611.2832618043936
613.0629020634782
615.8074588807542
619.9613008328008
621.9266044018241
626.6791277340968
628.625199519603
630.5779386411151
633.2052302120043
635.9360434642339
638.6115969503572
641.6085900368433
644.2412832530478
646.727387858995
648.7512121795858
652.5165004293242
655.6925880974221
659.7062129918805
661.6753732064032
664.1121669699196
666.2018587203936
669.4275487419361
673.7050170435375
677.3710673022173
679.9856715031774
683.2681625547954
685.224284029675
688.2630776093915
691.2021743721283
695.8294404307566
698.632778510473
700.3591935084472
704.644264056796
707.9105345229096
709.9045649752887
712.0753345389802
713.4986694000481
718.1920945138719
719.7953749904173
723.5578903338703
727.0937454535765
729.859541339817
733.134597510544
736.7894290805543
737.9262050931961
741.2026605259961
743.6806756672099
745.092497434798
748.2921882133192
751.1863894051878
753.6113303846918
755.7126512521409
757.7782946349425
762.6488490176574
765.9531860458952
769.5193675428769
771.7471057590291
774.2634933623325
777.0856061536654
779.9572803430689
782.4210094460306
785.3313023935834
787.9949334052353
790.4921697171278
792.6438126251364
796.1904026766202
799.0583547864189
802.9149720701329
805.9070987173653
808.7770963847794
812.4808358481488
815.9818694354997
820.4548367957194
823.0847990111853
826.9483796109041
829.5681469415723
831.5221896801899
834.6387317877928
837.1045746937135
841.5203821719186
845.0431847346482
847.7345045273169
850.7284746951129
854.6623418316505
859.3601133657831
862.056945437386
864.2381328869208
867.2572069361161
870.2529121305018
873.9506163572922
877.2160240579063
880.1107297814227
883.4431284176923
885.4024709583908
888.6626031109782
892.1865323932732
894.6995277665025
896.4610388724105
900.002183053899
903.7620564108737
905.5416974394132
907.4902162384592
909.864097575065
914.4608533659734
919.6545109104073
921.3917625433386
923.5766319838276
927.0412339124483
930.7788486068334
934.4453538855786
937.857984407967
939.666956674932
941.2820423229704
943.8662397904105
947.467980776653
950.8626419859813
954.9468645655915
958.4352279200876
964.1810182984383
967.0245484282578
969.2656212930405
971.8963678034385
974.4517616602766
977.6504038970571
980.3558440866426
985.2714281071186
990.0399051105219
992.3670760476573
994.438636904066
998.1921770140887
1002.5660428282326
1006.0188562193716
1008.9024337565231
1010.9692764052776
1012.652543814898
1015.2179926505383
1017.3287400281914
1019.9486852418487
1023.2692693131562
1026.4457435462286
1029.8158764414743
1034.1857908573018
1037.4686377693924
1040.0806550541183
1042.5723871806447
1045.179573797962
1048.066405808074
1050.4281838728577
1053.9450293735463
1055.5668852089825
1057.5286140387068
1060.2810393770114
1064.193340896703
1066.3399578022045
1068.774191971051
1072.9001486799875
1076.0118989240937
1078.5994978166766
1082.1303503806807
1084.3352976901917
1089.1158137467385
1092.8610873878931
1096.4235052507481
1100.3903839557242
1102.9344083590347
1105.5846480036455
1109.5073900871157
1111.453692629527
1114.483674363386
1117.5689468554149
1120.0870469298363
1122.475747502897
1124.670408800028
1127.8561915015705
1130.1279323965712
1133.834717952554
1136.1960248365726
1139.7770700373128
1142.739388072758
1145.485836645497
1148.2562962742347
1150.0771695685194
1154.5498704069887
1159.5046801361457
1163.0471913954939
1166.2023164410698
1168.31569323636
1170.3747390763265
1173.1992717695643
1177.6270828379113
1179.7553449258696
1181.843908268524
1184.6557002719533
1187.193955217892
1189.3858163882535
1192.2936478741117
1194.2698622952475
1196.270873947694
1200.158214965188
1202.8657426558698
1206.0748917747226
1207.9482903809012
1211.3943662987356
1215.549462382722
1217.7714894097903
1220.4711395474615
1222.6149086153443
1224.6230855242159
1226.9160273033835
1230.7481618264826
1234.8019285640737
1238.8656917765823
1242.592386359415
1245.7336649388096
1247.9040067804524
1250.9370131655528
1254.6710898082322
1257.0050663110896
1259.2510511451574
1262.2804371009704
1264.971797649074
1267.215711840133
1270.544093833788
1272.8977604954944
1276.2043265047087
1280.0871873892504
1282.8014057096502
1286.2835048099828
1289.9770381599287
1293.7967377251605
1297.2607632134423
1299.5112819680376
1302.3145018793891
1304.384734357206
1306.3102486493156
1313.4244402719041
1316.4978083492792
1318.608434685399
1323.5128447730415
1324.9191087797415
1327.1686741536237
1330.0547392722572
1332.3431085680616
1334.0924188777667
1337.171939913327
1339.0466630775138
1342.2920900827771
1345.9235566987993
1348.1014621985225
1350.7775823231495
1353.2748294926619
1356.7978982676705
1359.1330735835088
1363.0593221114586
1365.5364774127843
1367.7048708983068
1369.81346494556
1371.4242694182194
1375.546183542574
1378.4653318223993
1381.6939165472156
1383.8199079051176
1386.0086500948187
1388.87361242203
1391.0098971236698
1393.7387353015774
1395.2823658569598
1398.4835151084062
1401.277200525847
1403.6690113876157
1405.5118999147867
1407.8345814571173
1409.7752802934533
1414.0111730026588
1415.7162726308027
1419.2236214030295
1422.9175933571053
1426.9232123515549
1428.706278829018
1431.6533879303183
1433.5416197167744
1436.0651169105058
1438.9229017048876
1441.7874463640946
1445.899980502808
1448.258169413352
1451.9240091574306
1455.9125067096033
1457.5049475441135
1459.236757468136
1463.4442324305733
1466.0163059324943
1468.6097154292552
1470.9654816211064
1475.3086845465368
1480.0995665656335
1483.5053293660044
1486.0635484423362
1488.3374622402278
1491.1879043076851
1494.1110178374815
1495.7199529710222
1499.5213111915398
1501.689998453846
1503.9492467987372
1505.9073908464372
1507.9460501506528
1510.212070645896
1514.1092030684397
1516.8261085738
1520.8480058118955
1522.8571681211283
1524.6197007429357
