-0.2243300454144914
18.345413046151048
13.633633434145992
16.565117707796105
16.904854801490885
18.053415321328497
17.107586381957827
18.318162689046602
17.85986613174411
18.63890164661848
16.04924412174437
16.938876968182182
17.347519946478855
17.78264134138463
16.819976336998145
16.902408669357612
18.239990063599347
15.467077094126317
16.808448778830098
18.209781369861876
15.866508344214015
18.261300114172673
17.210370741306896
18.902834781460754
16.83423396590509
18.216672060935313
17.034126034551026
18.16415208800991
17.76813934415597
18.5735177850254
17.035917345280943
17.267394621158143
18.79513069674895
17.451644276868624
18.511305402497708
17.897117833866815
16.504325774000336
17.981307672645467
16.091220380863817
18.63792765863988
18.702811967586413
15.61893596169239
16.23178806490824
17.958589070634556
16.834836349155065
18.120870659957745
16.332319027387285
16.652604173493266
14.905416711974148
17.16929406092823
18.64027370964622
17.953208897346283
17.58506464249874
17.465379812167004
17.63715370552414
18.060445128246
19.002137242640114
17.060487533146723
17.928688592117844
17.30963484012468
16.909560338198354
17.622594744620432
18.387530444019877
18.360364609282676
17.89169895366383
17.44419161774665
17.698367218402304
15.835286841626555
14.512800985112651
16.58660691724164
16.386701288598125
17.023781532237276
17.556350068344525
17.230971075868005
15.382269238193267
17.85293903242976
15.308865612464835
16.94835251029778
17.67997221582867
17.790637668698217
18.928168699020826
17.986081868203367
17.95768499165414
18.537310833062786
17.437187088989923
17.82107620518982
17.44689298888038
18.054055662223202
16.83114316912045
18.09694117574128
16.99262429819907
18.009880994008856
17.52191961847574
16.46745498702286
15.87275653287602
18.10332199350974
18.381730171886133
18.057133226297317
18.330525472773232
16.72347555530584
18.025906566346674
16.856068039060027
16.966314096643487
18.376662722944335
18.22116843344803
18.883523112413855
17.346718748019455
18.11073235064949
16.879340507292053
18.172366214228827
17.61950621714764
17.45767130789751
18.296380129042074
16.88446415343365
18.627981684915564
18.080460958989843
17.809769814609126
16.504067572055103
17.290787025591882
17.354284632755054
17.3995140627582
17.771941772968415
18.108858850889103
16.60442235670138
17.057171850076685
16.595691260713764
18.238762882866492
18.249155069996473
18.377286214323643
17.37710140595401
17.040655198604174
17.60357167179492
18.619999107311326
18.631410522595534
17.357833823071342
17.533908183721298
17.26896545623413
18.181257098331507
18.076684797894284
17.312734900032364
18.16274337699367
17.143101508344284
17.64614757425785
17.958866435796757
17.763000759775434
15.59586020566805
16.39763166977922
16.465692155655432
16.572034424736085
17.08445949826371
17.8672487960411
16.63407470954753
16.978783719005154
18.0920045345885
18.038085427148005
17.496697929304002
18.258242490341246
16.085801173940133
19.033431767566785
15.478764188186066
18.372521173618725
17.811265314704777
17.9971076508761
16.7346755958697
16.6979955402251
17.817976415178734
18.37484222010717
17.86094435872543
18.246304330819537
14.932323978383877
17.00393610781017
17.188306083634025
17.631665951316297
17.46636228900692
18.10103913377027
17.855658844288453
16.134793593126044
18.432488500590086
18.521163945554107
17.087060659094945
15.820897006903152
16.30589903755904
17.678606769061414
15.466645535664796
18.4746261949512
16.758340899684825
16.682195925084283
18.947580555582704
17.849015163768374
17.127044074704216
16.403436602455994
17.87066267539324
16.67202747237095
18.759770444922967
18.02738078871997
17.737754258941248
17.336676511794987
18.32335657545887
16.990834652374318
17.747014435819473
17.87072055534544
17.858223661513264
16.87179713539327
17.459805011176893
16.61499393977473
17.985215804827387
17.506313301990247
18.553488878701973
17.743466949764244
16.03081477719195
16.530544013394383
17.93718635234966
17.12966143951126
17.920433683106033
17.495689277016336
16.951901009733714
15.770889456375826
17.227761996434623
19.183232168008548
16.217646940533395
16.810040426666657
17.78622353474642
18.58382167486752
18.162459319716863
15.972827174262187
18.52423352128613
16.710511495598823
16.72785227951034
17.83886474748885
17.81461694676379
17.221386487632582
18.9211696131961
17.09389866164859
17.84271356859408
18.66133506223703
16.541296379522382
16.8653599839682
17.55047839437512
18.04109090435109
18.77257056506272
15.33283199486165
17.274942691898733
16.684997381149724
17.888454773669775
17.775412908179867
17.91502081681031
17.43999113161473
17.707390200056278
17.708030398582014
17.78691943663822
17.964615054152866
17.97110961590531
16.976262177893666
17.886575301912693
16.082087673283475
17.788466887810475
17.853408747784208
17.242686696570726
16.52135757031299
16.46599172825359
17.192264498294524
16.958705748744972
18.172428924946058
17.903429803034413
17.24366870006561
17.785774816275584
15.625308862882248
17.428360921422374
17.767789092727746
17.836884306276676
16.474088524382747
16.463096605711918
18.08708729967225
17.46877823543168
17.626103885349988
17.07762185117702
17.124721716705338
16.74230487694119
17.36565788640842
17.83211319311879
18.041787066209025
17.273839783390503
16.541726766230237
18.44300763964681
18.49270608001236
17.523136283600365
16.368100984694006
18.350763738042716
18.409901312991675
17.996681672029634
15.761194504395789
15.95603914093325
18.840478279605232
18.147538276229735
16.86804369379269
16.80393878937066
16.74483132018403
17.311208840314045
18.235254406666293
18.53161890970491
17.470542065816677
16.8241807273351
17.688879229446176
16.712171521965086
16.76712715682661
15.45561022048247
17.484203231349802
17.928847304079223
17.829791061113575
17.767005481324116
17.086043542075448
17.60170875025023
15.58815743378596
16.337741528761924
17.617888564328116
18.190905770976922
16.513406764491787
16.03184112467434
17.43022090303958
17.68621541694658
18.28021901416949
17.867631273519148
17.138230649596476
18.243399925195487
18.03255943000354
18.18572213525324
17.190250487653
16.718394586883157
15.846818912789074
17.01946652329925
17.395985636674137
17.528623532052038
17.548987376163836
17.51666433831704
17.721732834743484
17.195134512739667
18.043491907074962
17.950651295583096
17.030404131869552
17.019017009155263
18.044479069136226
17.753290277621026
16.544908164267042
16.856758013280075
17.87497472527765
17.124133723925713
18.364326278426418
16.820757143775406
17.26840014642692
17.213248405184995
16.094914815781735
18.053540666231267
17.779306615380086
16.859745942179973
18.37030509126937
17.730471848765102
17.13825760303771
18.108655310403037
17.988860954901696
17.367459166965503
16.549273817077115
17.86343202719702
16.162973851199958
18.52337349646274
17.20129834207287
17.04839085811425
17.89858517056329
17.377521861025805
18.483391941951503
16.64717828662116
15.22670072053431
16.638077635040325
17.20103017774798
17.93420923501453
17.686253330635697
16.852297482483817
15.916164384281434
18.23714635994069
17.594822320039675
17.68420318090822
18.47314837352583
17.156114316570022
17.27738228372594
18.228207373309935
17.934807446650158
16.752062505131946
17.791130652648487
16.981929792033693
18.27689841245764
16.59562665730556
16.73242133919232
18.030474202577835
17.44924884664749
17.801991791992574
17.675037649641986
17.8724546302732
16.942699510257057
16.199783632150627
16.345056941715207
16.66640652496478
16.607386078958022
17.709158582392526
17.447454504289592
16.6927857519524
17.968964556054434
17.78217330873408
16.630457794014145
17.66177813750831
18.52804213942722
17.152186515924956
17.914839106664967
17.523348022570058
16.330400319893783
17.904553994277347
17.020128386164618
17.634509374097494
16.83375209608553
17.520090906050832
18.192611240091093
17.443280050719853
18.303719556384703
18.054936563813637
13.717197558522441
17.635786574916377
18.126971230138146
14.929401979293297
19.32373730926827
17.69134569341818
17.70930880073597
17.72786438840056
18.20369918136678
17.4773847136783
18.121503018800762
16.94994150956519
17.326869361751406
18.22277241799264
17.350471637922755
17.708800207499568
16.58542298427099
18.64044605086203
15.947199100300109
17.534387034537218
17.920450247773697
18.030563653904014
17.894112190403842
16.765651000055115
17.30431733746256
16.771639572288446
18.812308945111933
18.3421540872562
17.86047035450986
18.697496475455427
17.505642364430045
18.388849837731726
17.426809887295885
17.303112958510525
17.942649800220536
18.072177528354917
18.35013809873235
18.031078850569624
16.220134665203393
18.451231814430937
17.351959682166168
16.256625994826514
16.079372728761324
18.43612483299772
17.850365137777295
18.47829518741351
17.384267090762474
17.653697067515427
18.039809312207016
16.043765653087956
17.681111519637838
16.5998819193914
17.187645846544353
18.26498710919077
17.971830447251783
16.73531613058699
18.35787884366973
17.56864597603187
17.403787385432494
17.023558655095027
15.482642925835378
17.46647375402169
17.67700694712048
17.988635832247027
17.078245895452838
16.923070365858056
18.46314873313015
16.442132625224186
18.368324780075312
17.55973962777399
18.217469278484774
17.80982474964704
17.47747989196678
16.55081434768256
17.513801570709973
16.280864781715884
18.379178188642623
18.299319211854826
