0.0364737655098213
0.04051903607202454
0.030703623600707736
0.04085799343147485
0.045500959511747
0.039786459164439625
0.026885947753395284
0.029992966435852392
0.043755535528339246
0.040017093650409945
0.0432644403883006
0.025168237945661583
0.03550811647628179
0.03968674796978274
0.04151896660224731
0.04263418804884393
0.027688475958415094
0.02203732348754525
0.025574628987026313
0.036989781495830515
0.045892991614473855
0.04402070301406165
0.030137056211329845
0.02478402957762863
0.03135065773160941
0.021828596750335733
0.04031556094779344
0.037438204931147065
0.032242252753687826
0.042155499822481755
0.03109098098198453
0.049051230746889773
0.022778149421237754
0.03620907889645139
0.023220368360684727
0.03415216060900095
0.032021773679106844
0.026547914931985026
0.04832662178393756
0.037939399890891456
0.03741997421037295
0.02079646356393939
0.029751889472933054
0.04512572209755533
0.04914959780901801
0.04783001679531209
0.031448525902713936
0.035943765947641496
0.042859990793251215
0.043614557013434724
0.04968803044580043
0.028492105903005882
0.04250507375021305
0.026118258698963233
0.04667477659205638
0.022163687334564603
0.031874994595774836
0.04016796362772328
0.026835430935951254
0.026501515002049558
0.03995298642610927
0.03821979844958921
0.028561251616931016
0.025900232881697655
0.04103133411353994
0.0412865162612563
0.04152169552163021
0.048227462357532294
0.0398638221298033
0.02736001039066242
0.042688131470064214
0.04224685019041536
0.028483058516193493
0.03043360690604307
0.02747122779171631
0.025473835249362937
0.0458645681229503
0.032636005801799275
0.031056198326264568
0.026498405822179535
0.02370722758988798
0.036484051752221525
0.04198101658289969
0.04549433319667152
0.022102407716106685
0.03561019305028304
0.032103007206667894
0.033539764634068076
0.04522135585018339
0.04966725359751887
0.038210557732314195
0.04399108705704712
0.03468492655390489
0.04250836620810794
0.03793934100389987
0.023410909662031548
0.026343086763308668
0.02845856182211988
0.022616043562459612
0.046941393440949386
