2022317834.232846
2121705979.5698142
4204324503.3848977
3412828927.9461956
2306497383.6284103
2526113180.5025625
3191117312.6846337
1854252890.9255195
4764393439.874418
3434134497.29982
2661367109.1130457
4285612869.725313
3132607829.562072
1479621253.3599715
2325036220.49434
4268284949.8740396
3218189933.101025
1102927028.0557303
2251969340.5941544
2189387948.6159496
3241653427.7263346
1247203207.7390964
3324465464.066866
1189008236.4488385
1167025259.9810436
3783678695.301819
3122084878.437497
4761152803.072859
1930737653.81258
1203714435.8648665
1522477284.0209653
2501023310.4581966
1261909197.7284467
1094112961.5500164
2606086976.990854
2358525151.006535
1763040655.8069103
1780990106.7662554
1460626978.6570487
2351883899.8027625
3490479540.4277825
2468879522.261854
1896442903.690044
2038347094.35024
4588576867.538681
4160017695.0459194
3788835422.7144957
1593619918.9939888
3383702094.549462
1238313900.6386673
4248594569.828356
3048109849.371126
3990349988.367688
3998302637.008398
1514756105.7926583
3677369466.297649
1531403993.0472522
4339976618.863409
3033267142.561611
2727226481.30956
1699720406.221106
4498135137.585032
4452496485.929518
4820091848.322052
4590701203.923325
2811635418.7240715
4877735152.312217
1994513537.8094983
2989272068.6929245
4529201449.4915695
1826231511.1866565
2877340817.9115205
3223062169.255808
2006342659.7303314
4302503839.69458
1852744809.6439545
3850239429.8049717
1542368395.1333623
4510201140.209902
4177732749.781576
4562361073.603683
1996064847.123432
2085329567.612574
2955014528.7626348
2250428899.5056515
1209298225.2442245
2996078799.2327814
2814787115.8109555
1738798262.2374825
1687644888.9169774
2404597261.974189
4040358887.9015517
2025081271.6366043
2627941632.7175837
1927488738.4973812
4308337700.7789
3163431958.8304615
2753606619.8741317
3852854191.506993
2895817153.450225
