0.17486142418184664
0.08694097422267558
0.1224609968354276
0.08226919016194498
0.13040053861376635
0.1368155598322322
0.1584751517939405
0.12380566923000752
0.09644839755253858
0.12493699300253527
0.08479599555393108
0.09388955130546156
0.0865735105855282
0.0882542229395085
0.15884833918791952
0.16017705309055286
0.1678835573825343
0.08154322508246224
0.1154618781506379
0.15313816043197437
0.09925737895242187
0.11499829048716914
0.15205043579537003
0.09916267903849095
0.15303600590109678
0.16144540409507485
0.1224965913318021
0.09309050705124895
0.1059103426216058
0.15955593532218587
0.15127698303173154
0.17369339109875317
0.08345422991426799
0.17356498029512715
0.13732117135606456
0.11804407510143872
0.10561107341611392
0.13291430020423747
0.11594677391955957
0.15267586727959742
0.08348405750354045
0.10022574447722371
0.0938568258903485
0.15382525345633263
0.17939882150886377
0.11720072412194865
0.08336932188994162
0.11365662467460956
0.1694347411551781
0.1003367876068385
