0.40855825252361533
0.40853763439906043
0.4082559864144681
0.4079607860805084
0.4064193183941309
0.40498304352514675
0.4017377410012098
0.3914041395640821
0.38493391539649885
0.3802739685015039
0.37444822025325225
0.36626937398068476
0.3635793294119575
0.35379987075798836
0.3499784363898794
0.3390593702420203
0.33431558169846576
0.33101284068052533
0.3215850819294424
0.2897817564966128
0.2875953150666206
0.2823365895959634
0.28013281761456116
0.275468403495687
0.26885380795413777
0.26742356723743327
0.2645855712206578
0.2623144794359728
0.26241210403781084
0.25664322696847336
0.2527948265280623
0.2522429505085526
0.24491577162264971
0.24322712087981432
0.24009712309910441
0.23547536212177478
0.23556187714316446
0.23382904503758906
0.23185166235658913
0.22931183881809916
0.22446215262113228
0.22397117174758094
0.22099836994729039
0.21984282050529635
0.21756556790769782
0.2162774927244329
0.2151805820001114
0.2151777099824684
0.20863051305760658
0.20607168463498463
0.20393810132752818
0.20126763561452762
0.20199553234071374
0.19487211767769025
0.19102195305574773
0.1888906602233621
0.18654945323627134
0.18471605839551772
0.18271746850863915
0.17832375500523368
0.1773365163135826
0.1732113868560464
0.17187547118306867
0.16813320228503886
0.16763383822963615
0.16462394004633055
0.16124013598921247
0.15876362557862275
0.1558644539322332
0.15616023210043653
0.15156779650990015
0.15302178924066054
0.14893321351482444
0.14606691028507124
0.14844077565223776
0.14772522833943022
0.14251117185865303
0.13852748622079575
0.1364190149141418
0.13451765703841295
0.13246568122146943
0.13216442823604208
0.12649817636146124
0.1312683711189235
0.12757677516244087
0.1227582323590835
0.12523217762766845
0.12054173512414379
0.12014581747632672
0.11709687657507584
0.11690685814012837
0.11701768323975605
0.11364735418855154
0.11623306858750013
0.11328249205208529
0.10884322315592383
0.10375551072075773
0.11019132986406607
0.1021040071608981
0.10568963415323847
0.1019192059181057
0.09712446773445042
0.09703452677806985
0.09601405821959778
0.09182082588898742
0.09342285016820327
0.08952226350506362
0.08880412186395405
0.0870055184118422
0.08947235635094174
0.08234694813997377
0.08629705836957739
0.08052911267435912
0.0839570742570616
0.07642993188294002
0.07538183867173433
0.07593394038084107
0.07450560878066587
0.07512542266014285
0.073768584056696
0.06718612630473994
0.07308306346725245
0.07106879852256125
0.06668716162091386
0.06443941604402623
0.06437412123382605
0.06443428770752163
0.06268805621501392
0.06666331188296017
0.06229655631980712
0.05935844422374903
0.0564280517951421
0.05833984740673703
0.053775844515726305
0.05279086708873188
0.05684802075567855
0.05768706074669937
