0.4152128338960524
0.41510815874730395
0.41493841589735897
0.41485487732424553
0.4055624576226152
0.4042563044650132
0.39351389068345083
0.3888638450032421
0.37878870883010374
0.3607456935686166
0.3586274347112234
0.3428778135866248
0.33595239591697723
0.32466905314772165
0.32167983052451615
0.3198963811703783
0.3136665777911708
0.2971719891435717
0.2826648483173791
0.27341405473955316
0.268481115460053
0.26658607818945557
0.25751292771783124
0.2531730967649603
0.24346936468173425
0.24056292682988642
0.2321451008253137
0.23075068546851582
0.22958666036172282
0.22459364524278577
0.22144547328041247
0.21886747077178875
0.210501852997451
0.2072101814164668
0.20518914471681712
0.20524469710496177
0.19044127325283255
0.1866671059632756
0.18651644634368184
0.18302483929633115
0.1797942890718746
0.1771824827837433
0.16852496870213843
0.16251472619552532
0.15956300759877798
0.1543952590160269
0.14873283705485318
0.15137170349995532
0.14314455686091215
0.1424337115262844
0.13980718973844353
0.13227447137933254
0.13765237703156827
0.13356721166190313
0.12753937273915789
0.12727411298750357
0.12384474499440429
0.126484400580059
0.12288168531319656
0.11699879882935187
0.11799499299065472
0.11491909685097122
0.11259222889517734
0.11161104757904418
0.11048863348051717
0.10895098572958027
0.10958219207508064
0.10484743622137417
0.10608479646292722
0.09724083655838489
0.10181277308667125
0.10088455750091968
0.09606458987965281
0.09717243940772431
0.09223901677198058
0.09123890183689662
0.09051077436111221
0.0890846788787838
0.08561509922954182
0.08354611241226192
0.08676813181121745
0.08466243842633761
0.08628630414727341
0.07876720944767068
0.08208537236854975
0.07855968529386406
0.07827297659166672
0.07576419786792629
0.07446920715606131
0.07237053580608553
0.07720097721554206
0.07715722593582472
