0.4183258863790602
0.4182831209533918
0.4182918913791515
0.4182533894326269
0.4182566653051307
0.41821610916343227
0.41818860292969584
0.41817972994336394
0.41813984365161533
0.41811877985307677
0.41811655675384274
0.4181175111795699
0.4180579483762006
0.4180491851791355
0.418027522957521
0.41798830971545514
0.4179532910619382
0.41795237866652657
0.41789355297293007
0.41789868251351253
0.41783739184059604
0.41784349113560915
0.41781781704549026
0.4177603732793391
0.41776696779858885
0.4177462599757815
0.41773082768794667
0.4176778238521837
0.4176475393051425
0.41760200901858224
0.4175726321450631
0.41753791166467846
0.4174789780323284
0.41749194764619585
0.4174401256776742
0.41741650661005825
0.41739174421590536
0.4173021251431251
0.4172952371668459
0.4172302928251781
0.4172311758524331
0.41715327846347533
0.41698761821086955
0.41706643132102705
0.4169777940666934
0.4168100405485694
0.416797858916848
0.41673995849747186
0.41660447733198225
0.4165004997736796
0.4164496418995754
0.41632247462046745
0.41618860150082837
0.41609174504392626
0.4158958674837141
0.41580199957329245
0.4155196069698818
0.41534580264614257
0.41509002678351536
0.41489192453670964
0.4145482847376802
0.41418863497774067
0.41381824200517686
0.4132603532688653
0.41285375695839416
0.41226186773110923
0.4116844997250096
0.4108322272363204
0.41032943509950504
0.4095189099354606
0.4084282500353318
0.4073984695514083
0.4062139180404093
0.4050796458356906
0.4037242131269386
0.40218542792795753
0.3994345108512327
0.3966194519766128
0.3932473593811244
0.39041672656043885
0.3859834984872117
0.3836197244912119
0.3810286907266043
0.38050829968169475
0.3786005789242081
0.377372188390358
0.3768027988032417
0.3760194627322484
0.3735054949848077
0.3721027040895848
0.37108318446816924
0.370188779623838
0.36935119633126634
0.36726030414077865
0.3646202444522567
0.36267915155847025
0.36197482230700406
0.36077797423228364
0.3591296038446389
0.35757422424869795
0.3567643172136635
0.3544538993338089
0.3510492984525315
0.35128791434813444
0.34865700672604044
0.34727750811914876
0.345751812526101
0.34517688283256165
0.34223855335141123
0.33947812447634834
0.3389235047906451
0.3376862950525156
0.3376612472816838
0.3367664285496602
0.33338182405791983
0.33218175227957436
0.3306622043325777
0.3303907671487125
0.3292038021979424
0.3272588020599705
0.32488991206449747
0.32661300874807014
0.32508063446718793
0.32070164861149264
0.3223506234820379
0.31992718737778714
0.3189628808168343
0.3162891273387521
0.31429765873104637
0.3131271755045443
0.311534963079726
0.31210435219340565
0.31022478350737503
0.30648469119230015
0.3073136285021996
0.306123117062236
0.3043347683954766
0.3039051620100995
0.3033622819152849
0.30241830153540883
0.30104544212327095
0.2989365459509853
0.2980278402023032
0.29640916113585225
0.2969378575799155
0.2943051647848841
0.29502722851276314
0.2956888869661752
0.29222469543933316
0.29157157936589667
0.2919251279897707
0.2900584318122371
0.2894574093595951
0.287903288620724
0.2887553978326162
0.2888813211347577
0.2874186565546837
0.2875591931964179
0.28699706951433257
0.2852051771843064
0.2841917068430703
0.2859418826370803
0.2835642932535205
0.28461255413950076
0.2821430564634247
0.2806308541378656
0.28089079981523585
0.27914764051357244
0.27942263854534394
0.2785028733027722
0.28151785662552964
0.28208108139385746
0.27827863512829654
0.27739827364530084
0.276666593700377
0.27662078617402447
0.2779220517670205
0.2761275757320828
0.27660982392019823
0.2756166680840613
0.2767234020009334
0.2732587025735714
0.2703471186517911
0.27334307266642416
0.2715659431140799
0.27334976811231365
0.26968904857221265
0.2711766209341499
0.2712320988123853
0.268419426706477
0.2694140881401173
0.26927938258292927
0.2675363319765843
0.26875326944399863
0.26678181636008685
0.26561410679012976
0.26733369099135446
0.26490842656476793
0.26547765874952167
0.2645294517733023
0.261502173668929
0.262896722272716
0.26198534678381563
0.25863494148356764
0.26220845251098984
0.2596917280945404
0.2602381229996093
0.2590451499886785
0.2606842920312866
0.2579310990143565
0.25778768851349126
0.25936078722555167
0.25836632314341185
0.25744253855578786
0.25520802528454306
0.2548586185577702
0.2549717412812717
0.25446556769192324
0.25489583571400865
0.2535624747521635
0.250923945134408
0.2528708022197686
0.2515777646521365
0.2507608348028435
0.2505892682506623
0.24882373300879007
0.24981997413317358
0.2490499728786602
0.25153159292302435
0.24906818499384148
0.24706608801039331
0.24733450121355957
0.2443892070602725
0.24634697050746585
0.2441016365092681
0.24453237833636207
0.24508569888425363
0.24306388624629863
0.24349545113045784
0.2419857445929033
0.24172312065867646
0.23992985361084726
0.24083489247610637
0.23955947702290342
0.23947179350933678
0.24231349382935366
0.23994745248485116
0.24066230871584648
0.23690103486822103
0.235403298929332
0.2371509958701675
0.23854764303741988
0.23815590972366912
0.23653179004802802
0.2327998715540779
0.23744092466261574
0.23422618861877972
0.2347724803361303
0.23150271304891606
0.23421896354082475
0.23435147414254417
0.2308983857009331
0.2306294183878703
0.2334559287425686
0.23051288240391565
0.23018525478896246
0.22917384025724077
0.23134821287072377
0.22688085342948014
0.22721281569128945
0.22951115342398345
0.22886058981750054
0.2272821185455743
0.22966723423836685
0.22628884103343905
0.22528138686569454
0.22612111968732226
0.22683852861028284
0.2243616819527558
0.2247968868235337
0.22571963082453814
0.22517922751091657
0.2238528690969765
0.22222490922288196
0.22475262322929662
0.22163611126059013
0.2194950735890004
0.22467892803791042
0.2203505875794389
0.22288937207260584
0.2187467372691924
0.22000616710110607
0.21768565290856043
0.21893707918800762
0.2190561599251917
0.219185811433341
0.21777638308124658
0.218475693982153
0.21717025708021487
0.21546666811624873
0.22126568986330755
0.21288539357326902
0.21579120884267966
0.21489976461882782
0.21289473673633352
0.21471757236313413
0.21237165086314022
0.2143349214599175
0.21178575277716663
0.21366177748397128
0.20985887995999283
0.21329484421887174
0.21096256954566983
0.21160656267719863
0.21172941631650485
0.21132120027288728
0.21264488257504136
0.20850803704189358
0.21122848183309395
0.20776472656816503
0.20763215494311424
0.21033182490156782
0.2072185382205062
0.20489325056493682
0.20766182715917278
0.20378365413811697
0.2059141594908347
0.20356943516714632
0.20534580608375597
0.2042237317619705
0.2033551787572251
0.20175703717519572
0.2020618644379404
0.20213345651771128
0.20266055400751914
0.2012724733917848
0.20145800466572059
0.19825775330999143
0.199091691430534
0.19986937557013004
0.19834640576992088
0.1981019391778864
0.19735963638423354
0.1959218849471503
0.1969203624250621
0.19598976940469737
0.19570026328816212
0.19532378755218258
0.19582171849159083
0.1941672892064403
0.19598986815542271
0.1930880534695907
0.19324097962503153
0.19134736815720121
0.19530040927469025
0.1916516897153697
0.1917125849726172
0.19208710337613313
0.19012186116794672
0.18743762610967069
0.19123301223975078
0.18794638000791936
0.18675229655150719
0.18982275511942537
0.1865001357478553
0.18706247332734094
0.18617062482768795
0.18464060531076265
0.1857601796855904
0.18468465525797684
0.18671917801272064
0.1838975484856796
0.1820873746525118
0.18247766616494984
0.1803229526893045
0.18049957667127822
0.18244596977782493
0.18190054546456724
0.18132863810860197
0.18062718338424508
0.18000355137210486
0.1779340602293371
0.1801092702545566
0.17781294739997977
0.1790815069979642
0.1778940369120616
0.1754866418091634
0.17460619490555335
0.17442015048640325
0.1751388265016871
0.17488609163519783
0.17726186328581148
0.17159725744453364
0.17361934829873202
0.17555351644783276
0.17126434989258663
0.16836760777767085
0.16660918004612235
0.17351788123013417
0.171378365994971
0.17132490238891898
0.16519817460078753
0.1700813598465852
0.16763314937354903
0.16372682783145306
0.16859168278333667
0.166538652575499
0.16778783711840367
0.16394109736365867
0.16448808032133916
0.1596980453267429
0.16433995781034483
0.16133490237391013
0.16225025760541587
0.16440441304429715
0.16063345614935237
0.16038181799495455
0.160477545305482
0.15929908758775807
0.1547408467239412
0.157103004533958
0.1572329237637687
0.15647479508088766
0.1582827411647776
0.15537308540368733
0.15470017678803213
0.15293725344500958
0.15668130626174281
0.15344313159251816
0.15303419347785097
0.15590481055233865
0.15413198339126863
0.1518112011438196
0.15086121847053582
0.14845807577950507
0.15063851293121966
0.14940814912278558
0.14759112871246832
0.1475828552534985
0.14712067229920897
0.14660063075863553
0.15280371921066765
0.14580168317953704
0.14844498132911815
0.1427737296098823
0.14741531702063504
0.14063937644405228
0.14361317251202407
0.1404186751146049
0.14377199190387704
0.14466591990788616
0.14404519300971494
0.14197691372441398
0.14045366747369153
0.1410162918188331
0.13902478106875077
0.13803045248043327
0.13694717442512772
0.13686856375785872
0.1334685593176871
0.1394165018517765
0.13219703348450043
0.13226316807550179
0.1364280508674865
0.1349321068702531
0.13159559392320785
0.13186949867919356
0.13141772205000346
0.132120442647401
0.13067201014253682
0.13290895477712084
0.1288554304157907
0.13224234194645665
0.125879232261606
0.1288215968125487
0.12869643991797283
0.12528660219778434
0.12732311249621833
0.12800261784783049
0.1277490432792985
0.12457122111507636
0.12051787756457709
0.12465179990612558
0.12391230520552217
0.1232032244823703
0.12688047817858533
0.11895889218760243
0.12478589016926371
0.12150872863067393
0.12138332464959889
0.12074208807167887
0.12023667721561905
0.11852028613498258
0.11661559498360108
0.12083728111831285
0.11531038568604235
0.11830908433090817
0.11398958543452525
0.11251279416905086
0.1153717058192783
