0.40899242950985404
0.40894557894878425
0.4089030156885059
0.4088291022754066
0.4087328759106572
0.40840405165806964
0.4078673282806265
0.4067134676562818
0.4058858279853227
0.4048227820535897
0.39844544112597924
0.3886252399090558
0.38632415001065035
0.38484544268039306
0.37974240720681135
0.36732015696906695
0.36333281952072427
0.35981107773939325
0.3574086349696905
0.35617998840374604
0.3334198937252034
0.32990033588151657
0.31589917810549273
0.30427247388358697
0.3003368551184487
0.29691981589964694
0.2934775881702095
0.27863693771709297
0.27169111547196195
0.26892816606973174
0.2680363034267431
0.2653491728194941
0.25575941671626157
0.2504191962735418
0.2465370294869496
0.24343375688087243
0.2369464777727039
0.23062785996849564
0.22622585256888061
0.2256032187044626
0.2209163303677055
0.2196324159659507
0.21771214226858102
0.21522452004028855
0.2143185150971647
0.2107193477221363
0.20937688543116034
0.20587340644092983
0.20710496700407566
0.20403942386832205
0.1999499254218535
0.19989358101306937
0.19519538044652476
0.19531730720773582
0.1907429840844933
0.19069693352572675
0.18602966068216195
0.18779111734031814
0.1797362845249748
0.17932144955689783
0.17470324054377503
0.17141430365380325
0.16707282679270716
0.16425135250955214
0.16668482957965053
0.1648819653267088
0.16343350086631622
0.16248891614872313
0.15634164292694563
0.1546123546624349
0.15267562311962127
0.15168185516416233
0.14935712815304467
0.14818558651788286
0.14864597168108387
0.14247661787648527
0.13958701978189583
0.13976101607351535
0.13354155458184272
0.13459294444614783
0.1320676380461393
0.1300519870073174
0.12612337075399938
0.12707727669197155
0.12591153978199734
0.11948223083081648
0.11703568479305484
0.11806768518665703
0.11281007963303138
0.11187024847987828
0.10816140814569973
0.10677932275908446
0.10613533635394477
0.10142533643684
0.09816602733291926
0.10258378532602354
0.09576464590272278
0.09562752250156746
0.09624583396021255
0.09523307180279547
0.08929735187784955
0.08874901052380989
0.08905583443220066
0.09011461486343747
0.08638017787564256
0.0846084290138476
0.08061504421672533
0.07587962602369767
0.07625998459297527
0.07805938650706769
0.07669957500840256
0.07638242561855722
0.08140062842597356
0.0726239599409146
