0.29797827788794645
0.24390778430330004
0.2374495803125858
0.22915484066360642
0.21346439171325982
0.20733130221428736
0.20015286349842656
0.1940794756333349
0.18837908290709077
0.18036722746838663
0.17924775909987353
0.17306541909014578
0.17066896599483608
0.16674446307634824
0.16364072143500397
0.15745872355979557
0.15415071919381954
0.15415840875198603
0.15012837704405452
0.14862166965996565
0.1496304162336394
0.14680195055622908
0.14594406371168966
0.13998081383448657
0.14030013841533456
0.1374408630696222
