0.4187985237123085
0.41873989635120107
0.4187065132214754
0.4186617290135417
0.41863908883732437
0.41858645989224075
0.41857630653908595
0.41855235339716773
0.418490137477881
0.4183864292527077
0.4183702736451552
0.4182486008261784
0.41814514470027797
0.41798378363436717
0.41782862692008876
0.41757356091367226
0.41732710541578927
0.4166997426588914
0.41604348066311736
0.41473398761984726
0.412901618301421
0.41090056243152573
0.40879160059128256
0.4054230524887683
0.40121107268517436
0.39639944217585804
0.3917321041836333
0.38896299715180055
0.38544800501891613
0.3819909959862838
0.3755844721754289
0.3701021349554133
0.3670952878463067
0.36598543148752116
0.36266435832815136
0.36140931783639313
0.3592511984270626
0.35667292810401335
0.35528249045739757
0.3513538554976147
0.34964021906855025
0.34636087849443337
0.34142092334205093
0.3374855489334803
0.3314570698690147
0.32496639597353544
0.3224192400621783
0.31790654848727795
0.31562898113195453
0.31116607283187014
0.3106343089559358
0.3082178787568298
0.3040557693526002
0.30205414955031656
0.2971633741026491
0.2971702889065895
0.29509100484604045
0.2968164143204473
0.2929627455605841
0.2922613771981559
0.2908345047020016
0.28961623291657074
0.28814602083010904
0.2872675830609306
0.2839249566919939
0.2812346321189605
0.2790622686509123
0.279441520399681
0.27640753246157956
0.27466920560957153
0.2740545485670878
0.2734862107346128
0.27309247055263675
0.27202864519583336
0.2701326929053331
0.26795141719844756
0.26865923928296065
0.26561692037769774
0.26634086550247354
0.2670941955259756
0.26316281362209043
0.25941457092722925
0.2594008666144937
0.2595988786133686
0.25786296852647717
0.25637035770865785
0.25397510621292685
0.25411121578116264
0.2541202601401106
0.2486183713606431
0.250551429866066
0.24877643036406752
0.24802407545720467
0.24526169038457118
0.2458615366383206
0.24530884280204968
0.2425551401192255
0.23886007628267655
0.23906765231663274
0.23800320157069846
0.23446032509752043
0.2337904205482126
0.23295336411800105
0.2340537007038545
0.2265817228162036
0.22755297703603825
0.2262738646684865
0.22640747524710964
0.22369948664382575
0.22463599148138677
0.2207304119983551
0.21940987032277148
0.21868092727496663
0.2185480143572475
0.21698894035390223
0.21269926871507303
0.21165075942413888
0.2136442296685162
0.21017185635165464
0.21005279875359306
0.20710783244792666
0.20571647663479276
0.2041763311887555
0.20418536263889026
0.20293440513432148
0.19867624989533533
0.1961277827675042
0.19728277099279518
0.19539694266265964
0.19536832604427148
0.19420496044848565
0.1880470149650968
0.1869016286591226
0.1903434457275333
0.18692785651812543
0.18423063713347582
0.1841219327599021
0.18074547271855856
0.18232133450622837
0.17725028175911095
0.1801380305559563
0.17636257780432896
0.1771603184328622
0.17140816058604552
0.16987552779034393
0.1721950351194167
0.16846185728886082
0.1669141615643364
0.16627852025341971
0.1644020814033601
0.16585946469841492
0.16041366132907178
0.15780698502052493
0.1595510740086657
0.15918329846860288
0.15841822562318603
0.15319910038485582
0.1551440072737226
0.1520832614245247
0.1491601341067252
0.14978013538299095
0.14753237147954926
0.14620200913799108
0.14844850631452255
0.14317185801176063
0.1393316759765212
0.13932233039858624
0.13955129073233433
0.14072024207496195
0.13501105721129553
0.13642947540765551
0.12998210417780923
0.13227515477136517
0.1369359678354018
0.12630311693897794
0.12931926816133427
0.1304101428550261
0.12822273591449454
0.12717322862266395
0.11861453605376074
0.11980841435347822
0.12382229631202978
0.12074335849724663
0.11684483505321348
0.11811177005727878
0.11812420861077369
0.11610718659863228
0.11781328467933887
0.11208139492853085
0.1109658326000672
0.10937409879856669
0.10855476542890036
0.1123526946988011
0.10587829860458634
0.10654161677638338
0.10443150211273494
0.10234939083908416
0.09846535011876624
0.09608543255324856
0.10187410887077718
0.09988180360061802
0.09491732329514944
0.09795372744551493
0.09443462017135516
0.08944984241452772
0.09378870169476287
0.09247958807278771
0.09022548108509167
0.08799617729944939
0.08335917653869568
0.08780643521712203
0.08564086266209364
0.08417110916776484
0.08409002350705307
0.08398586813110662
0.08019441214082164
0.08575179491325162
0.08248366290349934
0.08002628873513497
0.07687241936407324
0.07359039053904168
0.07891771196656008
0.07877537921310065
0.075067395537092
0.07262666899943346
0.07085905731076265
0.06706625190190396
0.0764506874145209
0.06808317955319121
0.06923755563689829
0.0663224043070176
0.06994663259627336
0.062115770207287736
0.06824914413115138
0.06629607883447948
0.06807696228105388
0.06639586812563127
0.06366712767199456
0.06378337088480174
0.05926368699743228
0.062433187047689985
0.05892217365802229
0.057768290005931956
0.058016042837928175
0.06111518038037931
0.05650653332239081
0.0594697214564123
0.05755342993335894
0.053552447337169955
0.055100810932272065
