0.2996977690404495
0.2759374147923586
0.2705579318538671
0.266831106665996
0.25369702483526596
0.2523833293423335
0.2400020607156192
0.23843279682761462
0.23552879615994632
0.2210258830073241
0.22062639508190895
0.21862817017205116
0.21740908893897534
0.21632827890285214
0.20459899663482609
0.20438283067868884
0.20276115399580602
0.20015953405504314
0.1971945752672494
0.19843318454096578
0.1953544965256688
0.19414976011990207
0.19309745519642868
0.1913618603804972
0.190053570944123
0.18914359024801505
0.18878147994776603
0.18751040666240365
0.18730543687580417
0.18670982811218087
0.18483890337550216
0.18439460996225732
0.1836487459726085
0.1833141918033821
0.1832732161519215
0.18182650517265628
0.18035456986192736
