0.4096413063517301
0.4060548670874484
0.3975435400563237
0.39467383948802576
0.3911548812751807
0.38643808965695725
0.3854132494307963
0.3840281327656056
0.3820283212487907
0.3742654585434977
0.3672629171852254
0.35768216031808986
0.3520317758905213
0.3467391474859106
0.3429497846741332
0.3382595594303421
0.33374339522099306
0.33109215695896116
0.3287282918811766
0.3244677143983874
0.32129266788541944
0.3227469889410959
0.3200474374914152
0.31948471002446094
0.31750618573672085
0.31468139823133723
0.31347250056125897
0.3107032202288342
0.3131286592537754
0.30910534139588713
0.3039626741669223
0.3035449520737542
0.3038890235163947
0.29775981752545083
0.2979155302089071
0.2923898861386369
0.2882210287203844
0.290274852794754
0.2884943739332327
0.2831371017177089
0.2802729546504334
0.2755909908767305
0.27504638095386064
0.2735964032103701
0.27198331834330797
0.27268089550971364
0.2697335618767925
0.26869969693477086
0.2658248963382922
0.2668061538614501
0.2644230867533043
0.2629117089005283
0.26356610064478736
0.25941982596589214
0.2588058474312727
0.2571187251847358
0.25573878762433955
0.25605253200791067
0.2538153225201417
0.2528446342812865
0.2524123920753749
0.2510898292521498
0.251155247579805
0.24908737569906744
0.24807533314258326
0.24590908980811108
0.24639770716777823
0.24700656196309842
0.24387934603689887
0.24488681381650482
0.24077842589407164
0.24065692795866456
0.23941890790770612
0.2393059191312323
0.23946536300791688
0.2358808023195444
0.23749153718223406
0.23543383031682447
0.2350329871251263
0.23386397169706852
0.23164912535762835
0.23300424978714313
0.23034766987733288
0.22996460612570055
0.2294095958607176
0.23069260162107968
0.22742863512791597
0.22499706024810756
0.2263085336193837
0.22546036365552605
0.2249695711044482
0.22696662780233803
0.2211845123756053
0.22170032253379107
0.2220062210188586
0.21890115092334128
0.21821744944560653
0.21815273681222772
0.21806801578222995
0.21768261673415387
0.218924845986992
0.21602949561062978
0.21630917423246035
0.21679906319258058
0.21210257498191964
0.21373515023395656
0.21321295998892573
0.2096075206408577
0.2092286031693184
0.2093968217120828
0.2075861603804628
0.20940637285995703
0.20542119315937757
0.20275575642574462
0.20225213583844315
0.20434636289410382
0.20114881827806194
0.2006200910532534
0.20222660303802667
0.19977040729753862
0.19697741460181242
0.1958387466416413
0.19411844847902898
0.1934579660539652
0.1940685119528058
0.19489908914272164
0.19245484893196796
0.18994474682784912
0.18887038929646585
0.18995388988480613
0.18610692963833184
0.18391705018657548
0.18453530851588154
0.1853897105839429
0.1827107498197908
0.1826068686026913
0.18170841537885105
0.1793734159496165
0.17799059842613027
0.17678063590102128
0.1826908522934905
0.17663307510899923
0.1776847638022105
0.17578729177537714
0.17428613327128867
0.1724163295101729
0.17153360777117435
0.17387306276985906
0.16881754656305054
0.16747622075574684
0.16536661633638966
0.16754438823322573
0.1624669920741472
0.16700706761207024
0.16223266666362382
0.16537424598348735
0.16140129834162825
0.15976059006419463
0.15898064472878282
0.15345901228499748
0.15448854780084997
0.1541403571200077
0.15279111796020126
0.1491870550986152
0.1473112843988946
0.14832314369254965
0.1505335460392148
0.1470268333054891
0.14898910474836755
0.14677547912308234
0.1460417066440142
0.1444942804100968
0.1443235319873189
0.14179006249559922
0.14216602095935313
0.13791459396749886
0.13494819468003189
0.13184399903326807
0.1383293197545883
0.13831101353172987
0.13429183281336005
0.13417370067293688
0.12987529040193826
0.12963226001635306
0.13077613676547975
0.1278292386919945
0.12374698867308
0.12536839648686032
0.12171471873752639
0.12152374132306086
0.12452122006337343
0.12625429015423434
0.11968831114109206
0.12364271019452158
0.1184843397176645
0.11960994659742684
0.11847165957507205
0.11831953931169842
0.11211235542372838
0.1149314619454952
0.10934908276717556
0.1110432083211733
0.10535241902384679
0.10692510299593742
0.10941424062410797
0.10621291868664877
0.10534877978969147
0.10631260087634348
0.10367673696259071
0.10266360552213613
0.10293615089508941
0.09672568060117166
0.09811567597918722
0.09436033829893616
0.09720161611682712
0.09274859187781219
0.09061300247023538
0.09091131069586927
0.09391038177069058
