0.41927077920090233
0.4192410452449752
0.4191340853286529
0.4190649341824631
0.4189444655643631
0.4187964510507864
0.4185059617781326
0.4181067357755655
0.4174902143557498
0.4159519268765098
0.4131112514554178
0.4067402622940274
0.3948726939792466
0.39304608604044156
0.3862451820080513
0.3853679694413093
0.37781967809400596
0.3764969076941235
0.3641200457414879
0.36379492378025674
0.36018488973320345
0.35778572351291177
0.3378792711367487
0.33736391706282937
0.3326072759459671
0.3295478455832895
0.32044330014988925
0.31522306716547777
0.3151177436546658
0.31591908960302106
0.3129421076444477
0.3027691259383824
0.30405209413938133
0.3028925120962588
0.29990326300140374
0.29865937891121713
0.2939896337329335
0.2837854833670641
0.2840937846043442
0.2818905358043184
0.2799560141572631
0.2774461826748349
0.27484098918475264
0.2665459747505728
0.2665844234296002
0.26717782938654444
0.26691619166141833
0.2648466340536801
0.2601966392665913
0.2576772219943409
0.25759741685787885
0.25354070418055236
0.251320164045335
0.2488735331850154
0.24970922283658997
0.24806707689029067
0.24458294411150117
0.24251127949292983
0.24265052926320543
0.2381076645883133
0.23815289340831358
0.2376086697507706
0.2375584534644301
0.23447200419328162
0.23394975175798993
0.22553272886545694
0.2271249693455797
0.22160377848817656
0.22103370009272302
0.22238759003074232
0.22370374542761334
0.22256986784120444
0.21831397504981517
0.2160328900971253
0.21175061900820788
0.20890889750356784
0.20629511699603081
0.20588286800740496
0.20424485071934143
0.1997693514646825
0.19675068122530692
0.19293532548738487
0.19175954983900176
0.19215302954246094
0.18953282805930546
0.18600158135353528
0.181922042192436
0.17820455945670124
0.18533497100449225
0.17773421992695443
0.17235660511566236
0.17476960901803118
0.1660674866735593
0.16922708315622256
0.16590081312873356
0.16289174094900696
0.1601167451594018
0.16101755205642468
0.15611836035211138
0.16061406323605384
0.15163903646095805
0.15031055932910992
0.1466742431764703
0.14516981388375735
0.14304291567578895
0.14147713614710616
0.14273917913020792
0.13641359958939656
0.13547986093338846
0.13100933427773429
0.13051026517010872
0.1283785132520264
0.12102123152314455
0.1266073049039136
0.11996768898945392
0.11983317501559954
0.11498316263663017
0.11980320088245348
0.11755124106435398
0.10811145183225994
0.1131227557205908
0.11238048891724417
0.10741010494523166
0.10618516428088691
0.10623637843355321
0.09393050824975933
0.10683297727043511
0.10235311531663169
0.10402019935725941
0.09420236844272002
0.09517464248640051
0.08929181411907325
0.09252188653304316
0.09510633228512572
0.08887787183479076
0.08587823021112899
0.08548437594813352
0.08292928800520698
0.08649695587215668
0.08456286255938181
0.08102731013879844
0.07503761880987718
0.08404901338831258
0.07878092527682519
0.07422068420257394
0.0707703112027904
0.07460474601906718
0.06968286671512536
0.07250823531273035
0.06700344203775205
0.06715024509812449
0.06540635970521108
0.061787944386753106
0.0660211689002734
0.059313067419528694
0.06271434723276108
0.0664663854778203
0.06506257281167953
0.053951795637688565
0.06207687820859834
0.055362500965913615
0.060950469959334355
0.0547252152178517
0.05608338065020184
0.051156202190856474
