0.4068046728742438
0.40685192405957693
0.40688657081304963
0.4068225397243001
0.4068498508596495
0.40668092733561856
0.40630401110670805
0.40565768084904935
0.4042196713820661
0.40017869006639495
0.3784771686636198
0.37643154126284323
0.37073500219566513
0.3656374147496024
0.3561452106531594
0.3481611716987504
0.34374298018922855
0.3379647112176059
0.33011173419745843
0.3270132947117568
0.3137500537927534
0.3116253796870253
0.3020766940436506
0.29697347531393753
0.29564436658470855
0.29306419809028417
0.2906727123301355
0.2854198538157935
0.28153237509826745
0.2790024834724748
0.2773596277411846
0.2718105393267775
0.26928443423969584
0.2673266109637677
0.2652677046296075
0.262582842078898
0.26222488342780387
0.2569467447968549
0.2572432091331539
0.25793144861646894
0.2506522989204931
0.25051727476441427
0.24726692341660667
0.24327229999297353
0.24174686477158105
0.2419888705651365
0.23526119618206828
0.23298292430990383
0.2334513163752496
0.229434979408528
0.22814227469803167
0.2254010033860879
0.22090444279825303
0.21800185569481703
0.21748520690651188
0.21429107154180344
0.21321676397814598
0.20992503530522932
0.21039803330609522
0.20436366567799036
0.20314071881599052
0.19903129662306057
0.19804956967304818
0.19441515180513297
0.19389736242105268
0.1897113632905509
0.18419259157848722
0.18375413464788157
0.1803295007442076
0.1774212514351628
0.17770397389477155
0.17322233913575893
0.17126561736827958
0.17032977612845565
0.1684832343964041
0.16623534575242044
0.1667858011076463
0.1578933233308044
0.1591607619592474
0.15611159734132893
0.15368736018914936
0.15121085256635564
0.15175539495035895
0.1459278398001007
0.14689917528768032
0.1432187354788988
0.14048112821127576
0.1391932715981011
0.13873128320492567
0.13681746388903568
0.12892986380975507
0.1349707587139528
0.1304390375677664
0.12694294392983582
0.12955446324927689
0.12238144832237392
0.11978764955505644
0.11747648416085457
0.11474223202963575
0.11718106864634216
0.11234164429836715
0.11445717524560386
0.11140738583345947
0.11011795296169638
0.10446187352249077
0.10881598193504545
0.10652578423279153
0.09678922652449375
0.09814005701266505
0.09637154155385151
0.09471844585218858
0.09921783520333995
0.09518224809272006
0.09354826923289918
0.08772594542092253
0.0878111079472526
0.0860080627342788
0.08444046675827359
0.08782261166959046
0.09047508230889978
0.08610489853581672
0.08359166752472127
0.07878000123734645
0.07782154295578383
0.07799992018096125
0.07834429528431108
0.07565597354969276
0.07165726808220885
0.0699496714354593
0.06810700123992992
0.07704023109273568
0.07041541479242021
0.06989821249813663
0.06326318133938207
0.06562697968865842
0.06328465294405655
0.07177356171941385
0.06709386885607847
0.06434474112744748
