0.4162575195783618
0.4161582208948585
0.4160179217480655
0.411421897192437
0.40490570978408397
0.40172970977072536
0.39768447936896834
0.39278358100833777
0.38234422055387846
0.37959578569300684
0.3772163505892179
0.36703196931831333
0.3604014789135918
0.35807854028830616
0.33854861020697985
0.33569028604659684
0.332750931479304
0.32384790613579933
0.31520532677034474
0.30476572457887746
0.29870356316609875
0.29761125687711604
0.29399888570198873
0.288180324295221
0.2839909971896674
0.2804997878921846
0.27733287401536527
0.26440787310596425
0.26481760210481353
0.2599317928479384
0.25768808618754346
0.25571357336358014
0.25297185198417177
0.2496016518237275
0.24744116644742187
0.24146166586208576
0.24213518871077705
0.23807991238316645
0.2357646250035939
0.23330644754909668
0.23294543893514852
0.2298706130010449
0.2247600688648383
0.2225388188702963
0.21999782095661016
0.21706267600106136
0.2134710294337716
0.20751911534774684
0.20995017270744226
0.20643357476389984
0.20519204741940128
0.1971750442014653
0.19377977909153168
0.19025334274431646
0.18609598747222325
0.19005247241945447
0.1847056840380406
0.17881044987956307
0.1742653359709905
0.17336944710575455
0.1656903127700977
0.16408602877478218
0.15989824607811962
0.15967573504071025
0.1581137702109048
0.1527752988409071
0.15396176124411315
0.14879877007981637
0.1444970035474627
0.1463322313245614
0.13974684846894417
0.14282635682800576
0.13728839530215314
0.13728673415436132
0.12955713757223997
0.12390425638938672
0.12300094022319029
0.11992018124569595
0.11643505765425849
0.11453591700508906
0.1133312468575447
0.10385514006362796
0.10677920205127214
0.10407538050001244
0.10042474397661542
0.10401079090359151
0.10219208705518944
0.10034025107110268
0.0972471281907496
0.09788728882699509
0.09679453894313607
0.09215390886848025
0.09011593040267708
0.08485855846153983
0.08597016783672168
0.08290066883821115
0.08130387258121165
0.07757059378946024
0.07669802891941467
0.07560235113277333
0.06918436473482814
0.07388917558281337
0.06692700566695876
