0.41216552469178136
0.41211241485425654
0.4120514515355027
0.41201088061873364
0.41192408150024845
0.4116135393462974
0.4112727937302564
0.4099776338566405
0.4000719035307996
0.3945636750040288
0.37454704428958524
0.3723258842564353
0.3613248302180859
0.3601901740605012
0.35791145845176286
0.3565186208788206
0.3425214291838151
0.33968816458300133
0.32445184772574154
0.32011014212705086
0.3087544406909234
0.3053504635634887
0.3033660310912977
0.30520109722578154
0.30279550220740503
0.29584404978140266
0.29419284091161124
0.28800906990626945
0.28673035599911006
0.2759069605635162
0.2752202901967996
0.27026905693560255
0.2692994727480439
0.2686020127530362
0.2681461679224475
0.2600762169317357
0.25768298017167324
0.25429209886841436
0.24991449542012134
0.24522765659565765
0.24111958388322438
0.2404875763769417
0.2354681531560077
0.23310608904525848
0.23117022348715532
0.2274474559257502
0.22255442935120082
0.22113312868029233
0.21987047525798906
0.21141690856813583
0.20688711077142097
0.20740482218796105
0.20093580859868335
0.19861902094628345
0.19480621689890515
0.1959765257532617
0.1914597176179343
0.19321647026979183
0.1876729539133655
0.18284691570668632
0.18488051471389944
0.18120921452038521
0.17530098427326693
0.1798881742285336
0.17615275630620103
0.17549415198324506
0.17156235832909497
0.1647873515964435
0.16679219536640524
0.16273514768727768
0.1599821466157939
0.15764529326471888
0.15654217220339348
0.15570932936583617
0.1516492485047426
0.1456005489142916
0.14835731169432845
0.14323430084491065
0.13966655968785283
0.1408242756035
0.13588955712145237
0.13244093362476825
0.1322218174818315
0.1295773542131563
0.12892303658365536
0.12799674893673202
0.1227930552746942
0.12369756742661137
0.11881524654040702
0.1145687266644454
0.11629628740327921
0.11498785083109025
0.10763928324965615
0.11044316201117993
0.10867247313668141
0.10164500732138844
0.10456620254680057
0.10372138577808643
0.10089761032329302
0.0985593957860666
0.09523468612087709
0.09444605050716726
0.09238403840006877
0.09233627813379783
0.09508902416169322
0.09030560461458836
0.08167890171213098
0.08351073528555891
0.08210211363070963
0.07896907854547446
0.07551952752197155
0.07503962674274893
0.07515646930464968
0.06721468619547243
0.0728999628211502
0.07510217345106564
0.0670946885407224
0.07012061045618992
0.06591816515374045
