0.4107464632793146
0.4105567939114137
0.4105276848266143
0.4100327825977707
0.4098781618086886
0.40129413583826823
0.3997920313981029
0.39646825254381296
0.38700275283847585
0.3777846896886179
0.3536525252459969
0.3507582018923782
0.3415726292342933
0.33437835669608085
0.33056038805773524
0.3258599896712779
0.32006831976210337
0.31365642394706
0.30841481284273425
0.30616491816229535
0.2993041496372653
0.27323044572350325
0.27140320008146157
0.26424472355452877
0.26393924771987964
0.25962379270159497
0.24864344735092953
0.24599252038795016
0.2436997770638673
0.24082305969544773
0.23931945869280827
0.23298859498505645
0.22782998325350007
0.2236735455000627
0.21949960595062082
0.21590938080765934
0.21510850799408396
0.21076908512640607
0.20475191900598663
0.2032238805349022
0.20034977447185381
0.19680426174282054
0.1947790130461763
0.19212108532317793
0.18856854180415694
0.19062931148697662
0.1839645214108037
0.1796506887305554
0.17820609972675477
0.1741418517952706
0.1746133036549101
0.17498304320866254
0.17250660397509066
0.16678007026909575
0.16167209551352088
0.15761078937039558
0.15245918718994064
0.14987738436132314
0.14819835504806986
0.1440839631868746
0.14338115360334835
0.14161717925248604
0.13792638866839757
0.13942746667075992
0.1320434900081494
0.13167227604402756
0.13116029147990976
0.1280826598834331
0.1256674104116863
0.12413501324323709
0.1219221109021339
0.12081891719716659
0.11565000446909299
0.11216433502973956
0.1100305335096842
0.11374485891003043
0.10849032076105689
0.10572583741677628
0.10159989353767694
0.10180693412051166
0.09808241917751338
0.09667332677511871
0.09546201128271783
0.0927819010859453
0.09273711941710373
0.09067241137895872
0.08636043738987358
0.08754174339342319
0.08526621387883199
0.0885287253916801
0.0812603625346695
0.0743808566570175
0.07903779730970902
0.07454094109236936
0.07786622201408394
