0.41393993547581615
0.41391235712917573
0.41389609137567607
0.4139006397340806
0.41389526665819437
0.4139010185279702
0.41387678971178576
0.41386588585929107
0.4138786443819252
0.4138427641794921
0.4138546325738224
0.41385245426510814
0.4138269664727705
0.4138389031973015
0.4138238392153442
0.4138395839698747
0.41383515345348704
0.41377950152092285
0.4137761187933942
0.4137787598725262
0.413777242944642
0.41373145814251244
0.4137205024765968
0.413750408942284
0.4137279302592666
0.4137112559239875
0.4137068767547272
0.41370017942814824
0.4136528149200476
0.4136321057055665
0.4136609117988743
0.4136540554806013
0.4136041410519484
0.4136197358719917
0.4135912932995338
0.4135799724233417
0.4135801991562886
0.41350999785979375
0.4135173186356762
0.41349524940761284
0.4134886784750701
0.4134392224521398
0.413488537475606
0.41338437440863307
0.4133872218789757
0.4133677409086795
0.41329028938663576
0.4133022053523294
0.4132961952711902
0.41316458783083154
0.41324225167472817
0.4130970781159
0.4130519573708395
0.4129802972089053
0.4129684203329375
0.41290218531146883
0.41274074950321366
0.41274782709029517
0.4125314892633563
0.4123793809703816
0.4123994738421282
0.41224057077777004
0.4122035511923931
0.4120787997633095
0.41190525768266
0.4116159839082178
0.4113425090333452
0.4111739940415144
0.41093183023845636
0.4105960533388419
0.4101007751250169
0.4098632799923136
0.40931565020472177
0.4086864085210759
0.4079963231119315
0.40682810636128763
0.40524952994510277
0.40322497673236274
0.4005271865840227
0.39750193713830156
0.3933630612672356
0.389773333166983
0.38899406537041914
0.3872282824065685
0.3858916016768119
0.3845471985185362
0.3830076564749628
0.38327618310132067
0.38237731160119953
0.38145567970102373
0.3805366097617847
0.3789787037729668
0.3766344315684764
0.3764592662237482
0.37370924500507874
0.37685026727862636
0.3728590681094704
0.37206771077638506
0.3698690031044629
0.36979009341906716
0.36749526689745426
0.36657197359913857
0.36606707767168606
0.36371801056725306
0.3604396748945495
0.3591387058446639
0.3578043081627267
0.3577224824879096
0.35565360571027693
0.3528480842556475
0.35306136942649624
0.35257066075198407
0.3500408076943742
0.3485820421433686
0.348558903335075
0.346995886588295
0.3478380937966537
0.345957779500462
0.3430515598679661
0.344199722162014
0.3422065841260235
0.3420888371235258
0.3404379370600386
0.3400313817922344
0.3385455819540686
0.33875210570222974
0.3377099485857182
0.3348691043317866
0.3340221304085029
0.3333106187892818
0.33289108940298884
0.32925587808243983
0.33081767326299893
0.3287924363498794
0.32818619792570664
0.3264584505907464
0.32756302197880466
0.32487614076935256
0.32436720715915884
0.32510382366705665
0.32411785396327086
0.32316756687630027
0.3215498635425719
0.32075871831861336
0.3223789680906023
0.32078072595415
0.31956107559281377
0.31821849984782463
0.31940984508442355
0.3180305244426851
0.3165161944295169
0.3157674093509724
0.3170426512044913
0.31434959395585843
0.31595637097082035
0.31572769589823835
0.31454075820814026
0.31536763143223917
0.31416834872680327
0.31178919593413573
0.3119876181749636
0.31327200374719305
0.3111803983474277
0.31300569147097457
0.30999164765199666
0.3110165491970062
0.31039757100536264
0.30922635163706197
0.3082098004307705
0.31005686888524114
0.31016614810019616
0.30820272695399303
0.30884469272378057
0.3077692822627243
0.3058274999297025
0.3088671239629235
0.30513726252857454
0.3069328362019594
0.3049208064240023
0.30645831107777904
0.3041806503605208
0.3033682656081895
0.3033301377077899
0.303336697942693
0.30399991510502755
0.3026937132499412
0.30401595223648314
0.3009981593851972
0.300136592889081
0.3028334274514719
0.29995626574342654
0.30101278379933905
0.3003035411424221
0.3019140899563752
0.29942415906787245
0.29865846038813904
0.29959125061552594
0.2997492182260439
0.29827174454627275
0.2986985407576086
0.2951202337240131
0.29681676819919706
0.295560181085765
0.2965244656870454
0.29655839658903904
0.296083145904106
0.29423400135479
0.2946992873732806
0.296796100480794
0.2939095693445461
0.295241890561152
0.2942898479217896
0.2943436897353143
0.2931441251293661
0.2940440904665387
0.29101917477360184
0.29049152703179415
0.291240768807153
0.2913948364707179
0.2892502964119153
0.28668426604737574
0.2883517532776896
0.2905881995063998
0.28615314240028944
0.2864427759619635
0.2876824611716751
0.28462019737130156
0.28617451103680225
0.2844817048902318
0.2848935765344693
0.28399334317713737
0.28710394848841875
0.28513308244020463
0.28387550476467543
0.2835348331087105
0.2831726598370775
0.28341873223720937
0.27955876048861833
0.2813980858973891
0.2788408015399004
0.27756847888191993
0.2786600173597882
0.2777625104616341
0.2775241917158007
0.2763674184038796
0.2761649794175887
0.2752474112268458
0.27656056484466646
0.2761608324720926
0.27334350955410125
0.27237457778491897
0.2724911276216446
0.27210670922116403
0.2730868075398083
0.2718720628379967
0.27211536188295643
0.2716868920757612
0.2701619746649952
0.27118054004502906
0.26833512285799854
0.26816800803409596
0.27028313521541447
0.2678896060647511
0.2682540647441138
0.26634436862401845
0.2677372835368323
0.2659346867149482
0.26400161245357656
0.2633118427412356
0.26524731444739624
0.2640845091853303
0.26274994825889725
0.26363134254522136
0.26250928372627363
0.26190204802395634
0.260260215546567
0.26085013899188747
0.26123693350817284
0.2607665197250839
0.25994874756314645
0.26100045900588487
0.25997826214462905
0.2604091493771495
0.25792448380248284
0.2580919811414637
0.25890815182664545
0.25793342209940184
0.25665153779137384
0.2550996167120209
0.2544614027731866
0.25637213882488785
0.2553845691192411
0.254400582392917
0.25529784881957746
0.25377400106361814
0.2553181868551209
0.25662742598732585
0.25409266953317206
0.25228578058290196
0.24902064887556394
0.2538562454761621
0.24788680939101823
0.24948798425283936
0.2494045565991799
0.24854933560745754
0.2509305499203848
0.24686554713300848
0.24828803495669116
0.24943828926369374
0.2479991803211671
0.24578256064601292
0.24595470774359732
0.24525019377333024
0.24518574764290796
0.24596935898835748
0.24450882823599748
0.24382747471390287
0.24067240697213063
0.24227153364739762
0.24364836504247567
0.2425843598617161
0.2405913111296833
0.24104688162625185
0.24334243537927017
0.24039487935704268
0.23690320158105344
0.2396286313014929
0.23826165616940864
0.24061077298392114
0.2380694941444002
0.24162393109572397
0.23491474850057517
0.23487882284739212
0.23712382264746587
0.2359027054160848
0.2370789554163519
0.2345138508859716
0.23737600417428212
0.23705438080842545
0.23161823849887728
0.23263225491429212
0.23110531116823776
0.23093772667859885
0.2324709572321048
0.23066606066530332
0.23088906001077564
0.23047916077880642
0.22840506127260216
0.2297742896330279
0.22756145046272555
0.22750993099731037
0.22757751242922128
0.22800092911510017
0.22531734799274122
0.22748699063198732
0.2236824504996793
0.2250009906151808
0.2286341269748674
0.22226824351872487
0.2255454000387999
0.2232344853085554
0.22399079752593157
0.2231937411621138
0.2243585823645953
0.2195414897833485
0.22396441157679298
0.2202906530342033
0.2219374946273916
0.21821601057978676
0.2182589287081071
0.21771836473352454
0.21847551035377508
0.21871678228775587
0.21794859707178776
0.2147561640589602
0.21758811825401203
0.21768966534256523
0.21452676995934641
0.21463971185858188
0.21529101684495627
0.21194583915931625
0.21338104324616058
0.21330646770235798
0.21279875078944935
0.210457302717213
0.20881256911352494
0.2083814109414187
0.20995961423552112
0.21035440454508197
0.20604271701527183
0.20968162277417127
0.21049350411786927
0.20778913911994196
0.20758188077671236
0.2088034464896269
0.20735192930191942
0.20518997917201162
0.20483267836769475
0.20328641305375392
0.20288615546972133
0.20371694972408158
0.20310933331944006
0.200611400925552
0.19808354954134139
0.19937505203041897
0.2023045479660494
0.19953860092825523
0.19579470352640385
0.19723785587852202
0.1975690062885678
0.1968260638339801
0.19665940698486364
0.19428804330840135
0.1966091902254905
0.19024896792726145
0.19500943338894866
0.1922501626108374
0.19145127197466177
0.1889056994855965
0.19178339844448086
0.1919149620213873
0.18899805790774218
0.18929578935944466
0.18957308407649687
0.19153625800819876
0.19066819592457732
0.18750696091482771
0.18496572302057526
0.1845449666495265
0.18506249814026968
0.18504645541809828
0.184972444691894
0.1839066289492151
0.18171510266610974
0.1861051651656473
0.18147887892672454
0.184238553145952
0.1785987005435724
0.17943339373546316
0.1765511523288622
0.18082759644757085
0.1825052702574166
0.17745626419032526
0.1759583655918903
0.17636432446373804
0.17660193052309647
0.17282572971480972
0.1739796771051101
0.1767020782285317
0.17582209181109143
0.1756040115943214
0.17070252649550724
0.17227066138964914
0.16881876938891402
0.17134883541997167
0.168291327043671
0.16905788498978744
0.1662102673326322
0.16858504965985102
0.16295318040613826
0.1644901312134835
0.16272264601945807
0.16339194135538102
0.15805713145291533
0.16417080263083306
0.1618354559960465
0.16705001637784014
0.1651848495754788
0.16404806301220543
0.15751113539718564
0.15691890469142014
0.15945434317898513
0.15631728321955854
0.15627781886964365
0.15737055623392698
0.158032934068954
0.15209772066490929
0.15594028463618
0.1532415761983033
0.15479322916936022
0.15412869181904992
0.15179954571734644
0.15069937567612504
0.15301789598527538
0.15097646803360742
0.15035049925205224
0.14513577102971295
0.1474329457483956
0.1447043574413227
0.1476408306081091
0.14394975145605818
0.14529025900106898
0.14415408038681962
0.14047572609083622
0.14100972084766555
0.14548756973250268
0.14367804390240607
0.13986594605017655
0.1434812385526789
0.14075159163877504
