0.40832032616999575
0.4080181632398346
0.40782647875223627
0.4068533364885268
0.4026237407684582
0.3998957524851126
0.39647732198399455
0.3940258255751844
0.38309823677061766
0.37531816197900675
0.36839972286869155
0.36469326234970095
0.34465773194219
0.34230011831383483
0.33512937604390863
0.33211910804073125
0.32732373137015586
0.31884822512592026
0.31872296596258654
0.3146373581220782
0.31378310059112907
0.309734352389484
0.29794321160030246
0.2914024481789108
0.2885387610581641
0.2843121942970176
0.2762658719923926
0.2708953401595103
0.2602963780239958
0.24845824617700532
0.22906899424894298
0.22813180381193068
0.22479954941235264
0.2234994265852992
0.2196835523927523
0.21202363495811993
0.2102355573775856
0.2085377795468116
0.20637622775092732
0.20506872008721386
0.20283542485319145
0.2031170099217224
0.20049900666779757
0.19722097347755155
0.1962250521316206
0.19246387825053166
0.1928798295577472
0.18792543635423753
0.18536995112655918
0.1836792495907239
0.18172758510003711
0.17971669320935696
0.17812756762104306
0.17420332592291354
0.17203567194425284
0.17047782059188482
0.17126522272221445
0.16829228538379568
0.16218787130701517
0.15690538210182645
0.1572884698494634
0.1540390751384731
0.15737842057603993
0.1490085517934719
0.149193464427027
0.14740441895798626
0.14717879778623505
0.1419028347615178
0.14129470470509736
0.13989390126879356
0.13772891684449917
0.1362435957251933
0.1316010144985628
0.13482895103877446
0.12264790181333951
0.122089399027898
0.12050020327679617
0.12271800080374064
0.12094249116111311
0.1172278813625382
0.11811737016560214
0.11770549288215298
0.11109197056208323
0.1100073159876725
0.11072291979503605
0.10256389985365422
0.10591416660621976
0.1004624870725032
0.10197609356717253
0.10164453779563302
0.09697916396078297
0.09394785979033327
0.09331981614562637
0.09637253180471247
0.09239708515238859
0.09866253887780786
0.09088433882887971
0.08810882864450795
