0.41433053386556934
0.4141745880433443
0.4141276092383409
0.41402243749131123
0.41400539561963845
0.4139369451523417
0.41360323843299923
0.41322954233792575
0.41088277194567846
0.40707428205691143
0.40486414716303165
0.39178506111198974
0.3627720012842571
0.3491259672890957
0.34711712164327263
0.3366047759657435
0.3116749857059303
0.3088176351471038
0.3077487942186676
0.2963661467897614
0.29219381495312063
0.2841222473833988
0.2810412113116603
0.27521458960154976
0.2721121030244621
0.2707115449271415
0.2666329282031986
0.2652649933726228
0.26357437568917674
0.2638943735788498
0.260707481409309
0.25929075292859677
0.25618925310244245
0.24830518083400885
0.239358029445783
0.23606021185913878
0.23310902067889472
0.2318008627877033
0.22852384049915087
0.22630174390119054
0.22419050277524288
0.2200748271339052
0.21725527056480023
0.21678595579451448
0.21101096658296992
0.2091591748907998
0.2056994327460136
0.20532157050801905
0.20468414959792677
0.20086643264354834
0.20054479133306052
0.1974948558049485
0.1964711140745694
0.1934397156203347
0.19064516976153276
0.18852521320757087
0.18795825175548386
0.18232401805689025
0.18307073513031186
0.1797708333657218
0.17689119956357227
0.175866126519431
0.177519051022431
0.17363875110861773
0.1718741116348952
0.16631609150606705
0.16501430910984752
0.16559419866863354
0.16205675604367956
0.16082787148402694
0.1568464477553663
0.15733690044293697
0.15344616173366538
0.14660271999597824
0.14438813128123165
0.1437159014621006
0.14172421559646506
0.14100788130474715
0.13703134257374092
0.13376911166063235
0.1282885860111836
0.12988113651896882
0.12911052272352583
0.12547658268538647
0.12569393638275786
0.12507661450116422
0.11947638237658911
0.11899032402748279
0.11599542050632301
0.11499051141469606
0.11338754714447541
0.10763489886642422
0.11131862944110692
0.10869052955107934
0.10638497434733019
0.1003248702616173
0.100421902428861
0.09738250336418329
0.09812313868384923
0.09673543079189374
0.09409679260913546
0.08971298258404976
0.09272283975506264
0.08857495517285846
0.08987676135037165
0.0874209626623332
0.08496087083134168
