0.4150068135386749
0.41501946569585885
0.4149956102096959
0.4149830784697067
0.41498229976100337
0.4149517330464848
0.414948629322667
0.4149348478806257
0.414960100105205
0.41489273146573163
0.4148952286012797
0.4148787242934377
0.41487258625999673
0.4148891774450187
0.4148764262967011
0.41485774560707867
0.4148369242914598
0.4148331616398618
0.4148497146433818
0.41480064635476294
0.41480163465139935
0.4148007292135002
0.4147592430004706
0.41479017307574023
0.4147344556035446
0.414744976413134
0.4147440282355099
0.41469391111510656
0.4146808934964549
0.41469054075665696
0.41467958953726214
0.4146559717300409
0.4146046588031207
0.4145822565644123
0.41457636304983075
0.4145469041671718
0.41455437823739366
0.41454520512607645
0.41445400593830467
0.4144733119320359
0.41446449958806
0.4143945995183754
0.4143895424823343
0.4143150988576768
0.41429681543616287
0.4142789841005396
0.41421096027801174
0.41417743488090675
0.41415841733745307
0.41404356905156653
0.4139916536589987
0.4140064904848791
0.41394396959550944
0.4138177984312528
0.41375414151415857
0.4136913821174967
0.4135365754109383
0.41347669926080205
0.41328187721316
0.4131516448084856
0.41303250843699707
0.4127590171276154
0.41252741498928813
0.4123037772867053
0.41220989853235623
0.4119194256684738
0.4114416289242406
0.41107057093824767
0.41051950915686775
0.410067131655409
0.4095952269166202
0.4088958372291373
0.40779062378432873
0.40719300323579877
0.4061813927006235
0.4044634969324279
0.40263736369293335
0.40041454231966295
0.39693001066632316
0.39328815629199604
0.3895706377776354
0.3860245511038795
0.385638766791474
0.3824690763598773
0.3804550456346244
0.3785210244851779
0.37818329671569056
0.377531210424635
0.3750450310742626
0.37327775094393834
0.371459797339798
0.36982318671751835
0.368177961220831
0.36537246479058927
0.36287869173962306
0.3618284388740161
0.3607726790679609
0.35940744007636155
0.35962852325519473
0.3558806870567133
0.35346888523391407
0.3508163339674384
0.349723934244067
0.348423988362147
0.3464937828678006
0.34627337315273066
0.3445999486027942
0.34283026801169253
0.34300277634634274
0.3413692891008122
0.3399265075368136
0.3398968964528139
0.33813218060975975
0.33782542382365066
0.3354546430289517
0.3349429234808681
0.331798850577455
0.3317976892336667
0.3304791788081778
0.33041745803428696
0.32921809646831574
0.3280040434508833
0.32772822502054405
0.3250813353508189
0.3258161681579417
0.3244405485191096
0.32228739693097996
0.3211939376027189
0.31902972937237195
0.31894745803877095
0.319132153784875
0.3162351770863226
0.3139246686116558
0.312943156534709
0.31381538934205605
0.31205472524978095
0.3105225996027064
0.3086311513337821
0.3086972313089358
0.3074221506071221
0.3048620169802738
0.3043022334659409
0.3045971920238157
0.303026617452185
0.30198815230983683
0.30196460775756856
0.29983428105585885
0.29937234733559714
0.29798804412940766
0.29851538547915457
0.29716729868350955
0.29842692978431534
0.2960701276674498
0.2952382646182851
0.29623227352774173
0.2945367694701356
0.2935040155689594
0.29339156039666164
0.2925599469228241
0.29280748709159904
0.29305933523256017
0.2889832784860557
0.2913283601233105
0.2894971411576203
0.29000187959861545
0.2883510562110413
0.2870932186885957
0.288016457387144
0.2871930463164632
0.28760222705592237
0.28624174306742795
0.28617252287932615
0.2853205312599133
0.28588074834684096
0.28567927931885373
0.28380603646308883
0.2836561566203009
0.2828091215888255
0.28308642177205423
0.2835637377494353
0.2824854375424178
0.28283041668357384
0.2830087868959419
0.2805398028492841
0.28173602485421656
0.2818869834854113
0.28091682912249233
0.2773189771966437
0.27988429924407676
0.28041220667095074
0.27979784230338567
0.27959987260315006
0.27932199163975785
0.27821105917719735
0.2771375530135676
0.277328834315175
0.2767226782253362
0.27701402549049
0.2762090784708497
0.2741511270440042
0.273346368596914
0.27364432536852046
0.2741542851709413
0.27248846876072347
0.27421442010546715
0.2739375620492507
0.27147968683764007
0.27105117497289866
0.2712874946005794
0.27226025901020007
0.2720562541400691
0.2716384485176035
0.268738957759963
0.2691844374150456
0.26792179251896536
0.2723403358797616
0.26786120036941313
0.2675716605801228
0.26834753107084663
0.2683566898088675
0.26700787987713487
0.26742465671573207
0.26678884580766177
0.26761427547596706
0.2651254403312443
0.26438801522569033
0.26270423485802435
0.2654497347103189
0.2627785150451658
0.26436293469169836
0.26099254200579375
0.2612949010886568
0.2612027258886622
0.2614499684563298
0.2626526589394976
0.26063790863376857
0.2618908793818722
0.2568915887302676
0.25958745291965135
0.25948600303245445
0.2565454938806039
0.257156296394477
0.257563224759074
0.2547633792709429
0.25773349121372874
0.2559328586886254
0.2554185441494849
0.2546301504678333
0.25666055471371335
0.2533530937611353
0.25243983197772285
0.25222967389531387
0.2545143536404076
0.2516716789737341
0.2513585321879936
0.251758090303681
0.24840834997273337
0.25068195192155807
0.2508231074651153
0.2499053694818297
0.24800525647956678
0.24824291175114105
0.24758372713557497
0.24650113271303314
0.24741611509052008
0.2458097621868718
0.2462404792423423
0.24640334331516353
0.24486482289402936
0.24506371113658257
0.24308559626166884
0.24287637321621688
0.24213485962084766
0.24311808160344844
0.2431314215831554
0.24184764069023354
0.2390295390367951
0.24011148230967194
0.2418613335876006
0.24165764683190843
0.23921514765304447
0.23993466581042036
0.23912246767187534
0.2370933347632349
0.23967702099332955
0.23680218768074074
0.2360701744943272
0.2369641838254061
0.23482412691703425
0.23451853343286716
0.23508722702669857
0.23311682491389635
0.23590567657561995
0.23372380114283478
0.23382649306186085
0.23346335932183276
0.2312291970176179
0.22979004002277395
0.23123939344397007
0.22824152906027895
0.23114105441060617
0.2295517400550212
0.22885617442532064
0.22748704707375514
0.22723559892803344
0.2261258447531954
0.2269579087574141
0.2264615192089712
0.226407987700938
0.22634010238985067
0.2253613457471809
0.2250116567009985
0.2248541949980528
0.2242225930836085
0.22529250058880423
0.22204755634298728
0.2235756836470329
0.22577518900394428
0.22165412848880953
0.2211295467910091
0.22162836603826414
0.21973568440288385
0.22033579727855848
0.21825526489183697
0.2178862441378841
0.2194478465130129
0.2162678628087016
0.2186776785032302
0.21501405008260285
0.21599050701652028
0.21415987956271496
0.21567222943990946
0.21713624552333072
0.21480036467150332
0.2131298498344003
0.21534873073058478
0.21209045242592708
0.2134175925978955
0.21162682395058388
0.21181404155307348
0.21117129790341665
0.21088658710415975
0.20901108886094275
0.20933801643774838
0.20732819636021443
0.20935512059509026
0.20964394295445493
0.2087515745245529
0.20935592071353834
0.207381101039792
0.20699435512979733
0.20478941079072407
0.20785118201240135
0.2030016669636397
0.20568411016676932
0.2044270952908493
0.2026184275450459
0.19874559389182633
0.20061211103605392
0.2014999437147753
0.2020885788727145
0.20101626895254754
0.19877556846450536
0.19962229460071063
0.20020118567893871
0.19680103965486684
0.2001102918382938
0.19513434218359513
0.20119494879427008
0.19612455651027935
0.19789895799590076
0.19583634514890275
0.192448960049481
0.19311312509956707
0.19451004470161676
0.19560537299065422
0.1897711940907623
0.1914745907410146
0.1879574907366185
0.19068643216940334
0.18972162934110146
0.18731795417791317
0.1908298850952581
0.18574433656570377
0.19065993835856435
0.1863548893501819
0.18891298839923903
0.18751289629626108
0.188742338812631
0.18317364877165884
0.18502499142348053
0.18222440899721232
0.1821281845564267
0.18202559469001844
0.185726533552508
0.18196422300443
0.18136457608639014
0.17978670281487416
0.17778006691930703
0.17950700187162
0.18014209423964614
0.17516358793855027
0.17575374462734988
0.17940358779344492
0.17873198202093102
0.17785646752632459
0.17637475952296436
0.1761506134970698
0.17596458422141467
0.17612394678891863
0.1760318774889151
0.17527904205603378
0.17447258407614002
0.17175967976622694
0.1723711682950448
0.17084385986436457
0.1709319064727908
0.17255485994872116
0.17295951556860192
0.1725733874657382
0.1679032557874993
0.16859918327744794
0.1668764369313476
0.168954149458419
0.1673722571717984
0.16691288238721
0.16676981445094008
0.16834682207861107
0.16141094206989812
0.16395733278066818
0.16360017219798303
0.16317523905762463
0.1555408643522552
0.16102345486647077
0.15986224186901662
0.16190244328564124
0.15838290604044866
0.1560610547879631
0.1629011087454344
0.15982978600086736
0.15997401635825514
0.15896925646102741
0.15547095999085708
0.15967524499387853
0.1565749849419171
0.1549152115188429
0.15432499199616373
0.15412808250708424
0.1534871530303082
0.15412014886962766
0.1537768600706359
0.1510154374691185
0.15136711678562823
0.1518195968054817
0.15078387517201927
0.14731585638880879
0.14794988135006715
0.14748334052671125
0.14432360360301075
0.14844974929169613
0.14441637453717376
0.14623926616712082
0.1451444710698847
0.14558740382276705
0.14378014782991788
0.1449998141215997
0.1449529045190482
0.14164367933224853
0.13999046251964173
0.1420573765863061
0.13836783210931472
0.1380720870888407
0.14059577592458947
0.13942404041424314
0.13730128931592436
0.14026271233379736
0.13393604458722622
0.13654564773485736
0.13348314533539987
0.13429096184934688
0.1345163881830959
0.13585857628795284
0.13519552595991222
0.13467917981799205
0.13369854551632557
0.1326178884551726
0.13088124468077558
0.12979273304032
0.1298668101823302
0.13037707908972326
0.13147050196616994
0.12697494609880558
0.12819265591613951
0.12851424307962184
0.12560201508189694
0.12307665392328503
0.1221092035340428
0.12353184072493252
0.1243246981666395
0.12119469993722427
