0.4161104652168915
0.4161134818237494
0.4160950319959138
0.41589581251319674
0.41585055640036267
0.415596812717305
0.41410038216061285
0.41375504095338317
0.40768970798544635
0.37925363409259866
0.37713644463035606
0.37577621552546203
0.36697866076839974
0.3514603093021587
0.3430622600504853
0.3367422385640032
0.3282140606299162
0.31400840449499356
0.3092492312216992
0.30086265107155435
0.2990610924206027
0.2962819478607532
0.29180138987416615
0.2896993963666774
0.2877624303860008
0.2850541141896497
0.28187187622569926
0.27891775352942183
0.27931154087682836
0.27257483578740443
0.2683398255911892
0.26603629475998175
0.26424185463130995
0.26288943133718756
0.25864541766201404
0.25588514025384657
0.25205352948742615
0.25005488045954505
0.2492997379249908
0.24181974244901447
0.24371824363411063
0.2362813716788035
0.23395710039160003
0.2334099609932248
0.2299990526675175
0.22633852626470377
0.22356722931205028
0.2228103755245873
0.21925303796597842
0.21860785595435583
0.2142099696959623
0.21200796249079856
0.20876590118875055
0.2092117944324368
0.2049275075002459
0.19832224163652717
0.19607315822938942
0.19535393504862772
0.19426674211522302
0.18743767392947763
0.18587756002424125
0.18586838981282106
0.1815025846217137
0.17940525971722882
0.1747751441876958
0.17242547852996734
0.1725552882405747
0.16961128139118226
0.16580943965531267
0.16692883790938434
0.15932460747471597
0.16331631301682276
0.15716166568582843
0.15509855954217958
0.15394068969049668
0.1520334593585401
0.14835407908224052
0.145899940206045
0.1465893830116627
0.1415803106957877
0.13589527394957654
0.13690151178219637
0.13282716648791656
0.1316576993896943
0.1349270146963843
0.13048992266006587
0.12337172134680792
0.12375763138102913
0.12348726174335567
0.11999431238565735
0.11945910228179199
0.11185751548446982
0.1152200675984962
0.11093958167391398
0.10987478012380372
0.10651439325875996
0.10183507647588762
0.10122464044079636
0.10044796550054287
0.09514982474353542
0.10168425979581931
0.09636502176918464
0.08973980294572796
0.0913934881747186
0.09521785859058833
0.09022281227877908
0.08459827830543042
0.08421418958540673
0.08290281557482179
0.0839102343497833
0.085083428655632
0.08283968024176278
0.07780908689421881
0.07327815456480333
0.07242575485974438
0.07809872216618935
0.07075983297290711
0.0766940807919746
0.06928228057697118
0.0708714106355012
0.0681200944968451
0.06475147162414652
0.06318501827129805
0.06698077416755638
0.06641077120493312
0.06280367643479277
0.0625231751422621
0.05441902600420608
