0.4088847724789384
0.40880427158812443
0.40868150134870035
0.40871536480944454
0.40862108307410755
0.4084338546674233
0.40835098881064247
0.40812442568638935
0.4077223546621992
0.4065907382049434
0.4018012119813483
0.39283755620297833
0.3832411899228009
0.3778802302860296
0.37462103804064656
0.3700305900600262
0.3667509892678806
0.3625657138985478
0.3511520273526449
0.3443294132838488
0.3435052266448556
0.3295067116227047
0.32723764968152635
0.31110855092551953
0.31075511846256776
0.29826152494621444
0.2993830403153081
0.29942388859174535
0.2967604158380983
0.2897580198422395
0.29064155577602374
0.2876452069973492
0.28655504427748046
0.2819324135018175
0.2811840640692225
0.27941836925871655
0.273054492927192
0.26870697594835163
0.26746573253195177
0.26783968611375697
0.26517092483860927
0.26433548404096024
0.2615525743724774
0.2594488806638074
0.2586601436323828
0.25539158736722534
0.2541395625655243
0.25098905309350716
0.2507418809969465
0.24917280434454403
0.24515340729715815
0.24334988651829156
0.2443266016742229
0.24201546434615362
0.24012207459683504
0.2378911462841354
0.23529992150671333
0.23526689343641485
0.22980513507483047
0.22784913195464776
0.22645523934948478
0.22438073803563127
0.22018424645468918
0.2213287448012071
0.21976218578882104
0.2161297255476328
0.21603610544214347
0.21516070325005401
0.21265037427465497
0.21158469910020242
0.2073949021644488
0.20548104508782994
0.2050558136551517
0.20231315972249606
0.20144073220129988
0.20158447885115394
0.19804333044406905
0.1968013496905014
0.19410986765905539
0.19282348190626977
0.1905799972848519
0.18858216793820193
0.18655136926276372
0.18444623247029107
0.1837594693046792
0.18228447018680358
0.17768377916701522
0.17766079003460486
0.17601713848132175
0.171799719478186
0.16806945209148758
0.16919924487783217
0.16891671150419446
0.16246204445583703
0.16433315832843373
0.163035170324153
0.15856645965877
0.15344828881197817
0.1563821843858149
0.153937245469752
0.15231954133467968
0.15222391581249115
0.14577335961522092
0.14604717473409273
0.14544301743830684
0.14028514969335257
0.14184110355832372
0.13785660298430422
0.13884072537502334
0.13719307023345598
0.1302446469411668
0.13065591057054418
0.13096686972215954
0.12917256682692452
0.12041450345291127
0.12238555607822717
0.12218325227873873
0.11760576990020075
0.12028793352573756
0.11204827850761323
0.11050720742729495
0.11414779156106648
0.10652445247459087
0.11003291146112006
0.10719382378112462
0.10437394265734527
0.10233533423388685
0.10474109536112267
0.09927846082543866
0.1024606784940519
0.09758655642153258
0.09591474812935974
0.09244416054737992
0.0883595672472438
0.09617488254765702
0.09221260670986502
0.08756050948687587
0.08368159954808527
0.08719380696097215
0.08895645622983472
0.08552301573154032
0.08229404662157919
0.07947218382779926
0.07492970638126888
0.07323616322756318
0.0756222573010538
0.0717128821270459
0.07820808894116396
0.07455568738238218
0.0701157258181463
0.07254136143931868
0.06513259727960877
0.0678309149383887
0.06113879495367999
0.06032732117584765
0.07243898486132631
0.06544646780376115
