0.40767213092999166
0.4075632789519559
0.4067029843343957
0.40189017129006693
0.4010633178077393
0.3989289358490359
0.3662358557359078
0.35945633585523157
0.35763131512846635
0.35457116668769145
0.3286608301054907
0.3249615082348747
0.3137090523588706
0.2977133166768944
0.2866027924921322
0.2831492025996776
0.2799707391465408
0.279043999412682
0.271976426300017
0.27060604714277836
0.2689355529530024
0.2659939882550227
0.258906515856317
0.24664073590761204
0.24491983562618172
0.2424420810720604
0.23992741578470955
0.23863391392362238
0.23691194709750513
0.23509581139534338
0.2328739467512773
0.2303074006251673
0.22514584346416394
0.21920128170846329
0.2136166565193133
0.2128172419434287
0.20813934963874453
0.20660978444021327
0.20627762594565077
0.2018472082398145
0.19993411756832732
0.198867000626187
0.1955015561673614
0.1901952691871098
0.18796374957006384
0.1840140273453676
0.1814129918949229
0.1800409703009698
0.1739057905271031
0.17342352908502
0.17130319308435438
0.17238930003651226
0.16551317981371755
0.16286324445915323
0.15450293914067442
0.15392587345751219
0.15044866249572877
0.14795193468699605
0.14728768579426782
0.14466738799787832
0.14304014712640906
0.1372361679459123
0.1378964687677576
0.13475610096259857
0.1351221707874134
0.13411321599377019
0.12966190437302136
0.12167323875760296
0.12088716096434454
0.12154544385022206
0.11918705527692257
0.115043580918086
0.11487419483731531
0.10954019916780722
0.10754575532249457
0.10875223887647129
0.10598356418859874
0.1039108859715653
0.10050625854765731
0.09854457017355796
0.09622839091709652
0.09745823878242073
0.09444914125017537
0.09366026595282334
0.09012301820753973
0.08955089962505745
0.08619785811630315
0.0831695065526037
0.08404779884866091
0.07798414130359191
0.0740206664394508
0.07308738925639469
0.07393389148304255
0.07601318255720421
0.07233886513163618
0.07227560335073649
0.07066261314533698
0.07053556774376848
0.07116783175640778
0.06991804938494643
