0.41259370936555134
0.4125069116212127
0.4124601471782722
0.4123997490513269
0.41217240210350725
0.4118823383963988
0.4116182685286571
0.40993687085419656
0.3997770129117277
0.3797233702914731
0.35571251980774765
0.352823234997792
0.34982416752087425
0.34365778779704087
0.3422875386738017
0.33517707274611225
0.3308168360613006
0.3276030451697175
0.30149776328838235
0.29420092040006446
0.2931059162082866
0.2906180355715622
0.28556993030102973
0.27746021529032605
0.27311704294330413
0.26823060799254894
0.26501375551247647
0.2624566663851321
0.25097867616135944
0.246416040963716
0.24329536102692914
0.2371510782566826
0.223925902860465
0.22084486416360494
0.21940134558646537
0.21255169540360866
0.21255424447469376
0.2080711431863818
0.20711933631260623
0.2004947240632022
0.19469316428454003
0.19527314737408075
0.18998358276270144
0.1873407105640199
0.18459557134888
0.18411536923632843
0.17604717375331813
0.1759788377569359
0.17196947221320408
0.16770068300973165
0.16607817229239039
0.16469868790172576
0.16271730325352482
0.1562268330315208
0.15060313526082478
0.1516874081829272
0.14906131942653109
0.14587486325644822
0.13876612820740072
0.13784759439965893
0.14002741627344142
0.13919780326939685
0.13658516136536392
0.13346254515217215
0.1307757102469707
0.13242838413051777
0.1275220366491707
0.1271755328208439
0.12301678916896207
0.12087031768017631
0.11736842566152826
0.11235803457207454
0.11259664888763203
0.11036847763084508
0.11161836098506098
0.10409040938713535
0.10142360064224172
0.09686190577299561
0.09603094090618847
0.09421075654111298
0.09496250184979636
0.09221823887761069
0.08679287684706355
0.08732192879179906
0.08794408145302635
0.08235145315338277
0.08201469186209309
0.08341102059024255
0.07896352211389619
0.0765197241167084
0.07477777999123239
0.0731055493161107
0.07105334769353258
0.0678991122318465
0.06318033915785064
0.062022184612001784
0.06834342994265066
0.06530742932498407
0.06527873823569547
0.06750212337925095
