0.4164388598649303
0.41642268940453364
0.4164280696152896
0.416409223282209
0.41641521536925674
0.4164227779932291
0.41641623675189243
0.41642633355850933
0.4163750802868325
0.4163964460953916
0.4163934538791566
0.4163863378997682
0.41635501282234916
0.41636099581034797
0.41634578845535586
0.41632849457922577
0.4163581279125012
0.41636809903988237
0.4163539012057438
0.4163398451133913
0.4163305683835226
0.41629144257822415
0.4163054901480273
0.4163032543649545
0.4162809391139837
0.4162619265040726
0.4162852723154865
0.4162919695737825
0.416266538217289
0.41625443079611163
0.41624625217930655
0.416266943068934
0.416194667786343
0.41619311270303855
0.4161869566201589
0.41613227099003547
0.4161380740573639
0.4161026171327251
0.4160740021685946
0.4160833628224705
0.4160741768175768
0.4160184098348992
0.41599399481374855
0.4160337757265341
0.4159711113400056
0.41594950777777734
0.4158887966967972
0.4158291984031483
0.41584597644188875
0.4157933129294967
0.41577144803208455
0.4157185603068149
0.4156033157218322
0.4155774880907914
0.41548092981572726
0.41543489207258477
0.415301058126613
0.415289067979786
0.4151224432424701
0.41500930403079556
0.4149044921112955
0.41472110716096844
0.4145314772422414
0.4144257072004566
0.4142004376365509
0.41399261994418923
0.41368659703740074
0.41332794402812234
0.41310265532878376
0.4128192836492051
0.41242493153239573
0.4118739075861923
0.4113670447928477
0.4103514600801034
0.40917069814780266
0.40841351434387
0.4066296304177863
0.4042127945820806
0.4012142286203535
0.396322750943832
0.39247286485936206
0.3873630089091721
0.38801790135374864
0.3852318227581814
0.3846110600585897
0.3846748552777171
0.382688369191899
0.381476918305564
0.37932144914953825
0.3788517302902324
0.3771791052090562
0.374913781514643
0.3737255823237989
0.374707970349265
0.3723011899887357
0.37078242738372497
0.37012924046108825
0.3683759673763152
0.36650554341630054
0.36543356863219584
0.3653883777089233
0.3616712885176221
0.3616926801542789
0.3594668076452952
0.35752081834277244
0.3568348533210875
0.3555007196439191
0.35400567834940333
0.35390203375268303
0.352837336300091
0.35171109672171097
0.35076643180792316
0.34915101209760424
0.3474203291099741
0.3469148928798419
0.3467706331708557
0.3458641482905225
0.3432598049381155
0.3426330216839156
0.34229504928316806
0.33952538415375805
0.33902169545844557
0.3374473739014429
0.335481720734885
0.33551566336882593
0.33207218570490177
0.33088331826748435
0.33048441986352833
0.3277400889672968
0.32562005809688305
0.32391471791429866
0.3231501242215384
0.32333598814711323
0.32179407269232596
0.31891891212739104
0.31752744173038516
0.31615665393077896
0.31455545071116137
0.31372754283854465
0.310917202942691
0.30891229410781723
0.30903520601858675
0.30854011311405555
0.3074680967771289
0.30494771156444983
0.3048016414175467
0.30335297761849084
0.30201294440018744
0.3004833615042932
0.30083499687539383
0.29911616576886746
0.29842534088552
0.2980871995445536
0.29602932499194035
0.29701637824712407
0.2935175014780672
0.29198548428413507
0.2925915184335119
0.2928639372353052
0.29166242634049955
0.29128046522071505
0.29125671153398613
0.29237937265534836
0.28924005013913856
0.2867010315268601
0.2884396824153722
0.2868388386540625
0.287432096709137
0.2850009351057022
0.2846430464045161
0.2854199444706256
0.2830096151746879
0.2858218054448859
0.28440894335792255
0.28337634540300377
0.282826761398661
0.2829270096454495
0.28116833738286545
0.28366298802919504
0.2818775900626838
0.2795182980240516
0.2783421841145566
0.27952268048677437
0.27872269738422006
0.27918581280768573
0.27592363547107857
0.276353120914803
0.27710762444306675
0.2751555201753766
0.2754802406952362
0.2757102891478734
0.2731723670093332
0.2735283008052441
0.27361537577110173
0.27166143222531164
0.2731157266762829
0.2706954867342758
0.2736264575216808
0.27075918298781004
0.2714678612197361
0.27199036014356276
0.27043094226283454
0.2697725324077691
0.2672363479214018
0.2679708363459472
0.26881444731124726
0.2658053357631087
0.26600640558974337
0.2665714630783262
0.2650105313124783
0.2663161279409977
0.26530577486274054
0.26449689430107637
0.26355258054781566
0.26339570641940074
0.26241664416713706
0.2625553964677487
0.2618977190454999
0.2632447696059051
0.25992048635752246
0.260589004623267
0.25933911713036034
0.25978674132155827
0.2582514674097162
0.2587500191831762
0.257276528958015
0.2583477371202261
0.2563148093742789
0.2553730544012978
0.2558585003550442
0.25564743178650623
0.2533242435493195
0.25205126311592335
0.2524475132430829
0.2524308587838661
0.25162355291050653
0.2525802296495341
0.2499746248938801
0.24996780869384122
0.24958659385482612
0.2483964056737029
0.2507351951750022
0.24822838161071628
0.2477982797426874
0.2455036306217804
0.24623505429834458
0.24409589404818363
0.244973384748336
0.24424876990123479
0.24450289066375563
0.24319218348577393
0.24419095260949808
0.24305905130348385
0.24195327203277683
0.24315975859522695
0.24031489492850758
0.24307405927594192
0.2398547607853188
0.23751215049673816
0.2376191025874726
0.23789922094598862
0.23709516075464465
0.23811210712271735
0.23700917180409461
0.23677359215443153
0.23453138430407314
0.23570850440087832
0.23431013925139185
0.23511917933477972
0.23416873146183512
0.2339040882166083
0.2338275683532746
0.2323532652795667
0.23164921510061484
0.23186709418129897
0.2301692931720603
0.22984554644247782
0.23133596744310742
0.23011694049167278
0.22789738133208753
0.2285033421735206
0.2306240230614532
0.2299678261950835
0.22637878400086692
0.2284696469127357
0.2264350494606709
0.2253348394571
0.22348546627513918
0.22605534999334703
0.22463527834931396
0.2242278913115582
0.22447335923590273
0.2256497607795185
0.22227672621123395
0.2237603823963696
0.22261206339925244
0.2231336873903165
0.22251710972585015
0.22004345026087155
0.2189165276922311
0.21811689463781017
0.22170536802927168
0.22047196561854354
0.2188309835723849
0.21798525189980134
0.21919290114978235
0.21676902242239415
0.218215251678266
0.2170943433803556
0.21693058288957964
0.21549022635426032
0.2149487561252331
0.21641500373564168
0.2140122824881113
0.21506214995465608
0.21426793335651223
0.21376341324831344
0.21367938323256402
0.2135332436203154
0.21223218505789507
0.21122707906532964
0.20920124230688092
0.21112374114051224
0.21056426938376568
0.20792141845121132
0.2096893599720378
0.2092448707847067
0.20996844244541
0.20615374922249646
0.20822697806268164
0.20699381092702132
0.2085487585212899
0.2070832410384811
0.20662847439460605
0.2023928275143834
0.20685724537757558
0.20505590963024486
0.20522213577185588
0.20565638651322848
0.20354879604644768
0.20124805004427682
0.20001814049531716
0.2010725961294396
0.20168390326932473
0.19809741874031528
0.19868121754595364
0.19889882266321018
0.20165477537366797
0.20080140188542414
0.19832302337519114
0.19893780092642369
0.19714461354122673
0.19735314408963925
0.1964943549188419
0.19685673930420447
0.19799253512442344
0.19486352745872035
0.1950877332676254
0.1936062485380289
0.1946990381421825
0.19363160622249015
0.19298905701852162
0.19269647358358855
0.1914394737899263
0.18850230042496577
0.19190748704890756
0.1915131363784174
0.1897682614568539
0.1869306450731743
0.18590085678095347
0.18722839709784783
0.18876321389328937
0.18537129976614078
0.187179631502594
0.1861641525705271
0.18507299155771634
0.18378228384051587
0.18560028340484772
0.1820310645664552
0.18349003325356017
0.18254843752829586
0.18305991370430943
0.18034621788566058
0.1813897130307997
0.1808582831223661
0.18167238994469168
0.17754068936571982
0.18236393747750038
0.17601840916584166
0.17834263367909825
0.1777582558120116
0.1799352566833797
0.17539937938207956
0.17594242397293455
0.1723405368432586
0.17343379099553197
0.17568118527275087
0.1735053497054712
0.17497984255501633
0.17177683268210633
0.17240164656413026
0.17065389583386004
0.17145804951553303
0.1700920829055625
0.169874951276533
0.1693100446152739
0.16771768902655457
0.1689098461039863
0.1673605362433252
0.16590334443259663
0.1638297931911318
0.16652453356986616
0.16653537878848243
0.16562876855941924
0.16561607305584966
0.16575981557107938
0.16169659466745215
0.16587534120817465
0.15943464132041713
0.15878200738078604
0.16323722477371574
0.15943942303600278
0.1599585263043222
0.16099690685934662
0.1599702472577119
0.16013007689280978
0.15566847428882405
0.1550002086978185
0.15675370763990476
0.15319993393566247
0.154735707909085
0.1506746035511195
0.15285477964523247
0.15512428523462882
0.15340496808681234
0.1533695458467929
0.15288795588917517
0.15499973113914128
0.1499588914991109
0.14731025161987796
0.1456652045987183
0.14695868230331605
0.14356733271062735
0.14920616165786105
0.14412518458394585
0.14627485088121914
0.1452326392753286
0.14690049171658567
0.14442960870816515
0.14412640545390235
0.14385338623088173
0.1420398629346972
0.14286733870740853
0.1401490206834264
0.14023291647872063
0.14029333474133118
0.13729766889849507
0.13927071956245324
0.13787675624903092
0.13371759301095543
0.13037761162892667
0.13489092303095485
0.13577528202081493
0.13047491726698607
0.13486401322008387
0.1331073156487325
0.1339616596212502
0.1344868794940137
0.1306088294822282
0.13099632768146038
0.1317764433954715
0.13098246424048982
0.12913677635987705
0.12594766326935453
0.1258555839206297
0.12699412889928618
0.12867297568920552
0.12756028096410368
0.12426878559250326
0.12689200629022912
0.11930778233425293
0.12294701360290945
0.12573006367909179
0.12147933905222671
0.12061468071377428
0.11905372737531658
0.12152001805207352
0.11844252654781456
0.11889526765743756
0.1177684238086299
0.1181804769961007
0.1153206125550989
0.1169935971292705
0.11677451560068042
0.11256115695936743
0.11488257267628124
0.11388774692529799
0.11345416178919064
0.11710209306552644
0.11159169871680673
