0.41294481588824816
0.4128883176580158
0.41287822997366347
0.41283518106348
0.41271058999508975
0.4125585082124611
0.4120346945365603
0.4088790017853019
0.3949833374657943
0.3928299377524741
0.371397138249418
0.36731290277528156
0.36140111634549366
0.3593578540886847
0.35748911527218796
0.35515210098133065
0.35456012224674377
0.3523031902997572
0.3515731792162473
0.3517861986921309
0.34933048116542625
0.34011456795483475
0.33807071196384975
0.32575218316216115
0.32541385407762324
0.32292213804202413
0.31821233510903557
0.3108433908656545
0.307957115096095
0.304630571810273
0.29695536868803113
0.2943181038677484
0.28820883043147405
0.2867991221938102
0.27579058016531194
0.27278969007433135
0.2610431976114965
0.2588106459785487
0.25435828594689786
0.2520228740040152
0.2478233552858344
0.2504099120110299
0.24472331066284297
0.23519400990533934
0.22516088205697363
0.22686262226528095
0.2220492188321921
0.21837643797777753
0.21664396583262824
0.21231942525132735
0.20743705277842836
0.19402652749409166
0.18680503182446814
0.18412140288765183
0.18101522461829347
0.17846000285160787
0.1744055821077016
0.17346651948834654
0.164105603274819
0.16481420121363782
0.15977156132178782
0.15443941158182187
0.1552996643899428
0.15020814973276533
0.14834456705384672
0.14983927732447272
0.1429698491756463
0.1395908721875054
0.13739541893498483
0.13162906697848364
0.13186940090673518
0.13000711563678682
0.12613257506559158
0.1259379173530657
0.1214088364947269
0.12064581927845407
0.11025436892270533
0.11125445030319377
0.11073065284777962
0.10672967844681924
0.10189341237839158
0.10069103888496155
0.10616161214314837
0.10032426249004507
0.09545991305041622
0.10077527572655826
0.09440022429696576
0.09348239785961136
0.09079785691378987
0.09599616514666495
0.08565876055646574
0.08713239562958687
0.08921711184816339
0.08368434368511767
0.08401967455016111
0.08207549137491561
