0.4155566580934179
0.41548618037980173
0.40260521198732485
0.3953858431454171
0.37282607094748477
0.37070061055112036
0.3611569807735759
0.355471003655578
0.352974356126058
0.35010292931311643
0.34849469944259354
0.34123690029467657
0.3325376410026083
0.3286219899843161
0.3237813011841525
0.3206487976997392
0.31662711961354156
0.3037842312071305
0.30156845656526515
0.2962056898708411
0.2783600273191698
0.2741616706489559
0.27219898249510016
0.26882699276708283
0.26948206835632776
0.26473967390061837
0.2651167543031063
0.2572876554980899
0.24967141182633815
0.24608969285770746
0.24650780458060353
0.2448897796007962
0.24423016444585469
0.2409124147629395
0.23805462053010826
0.23434574860505689
0.23146725563635462
0.22124576860827003
0.21879759208577795
0.21606097600222393
0.21531804782031447
0.21220521947883492
0.20974950361665393
0.2062057160997961
0.20546347790695677
0.20224771632068345
0.20270572806723364
0.19501828850107544
0.1870256482928459
0.18495289912432303
0.18518032574603846
0.18224959694040335
0.17878380734122742
0.17717058439375968
0.17366617623676958
0.1710309595727131
0.17127547882909303
0.16772907331863568
0.16822861151408153
0.16264253355983208
0.16096622270844319
0.15521120776258276
0.15465737510073296
0.15584450751121331
0.15288688773202402
0.1482282036118736
0.14869637876530142
0.14695978784899535
0.14205554158974126
0.14094369312003868
0.13930850034365938
0.14173504797038788
0.13734805152441915
0.13441698818923734
0.13090488941637515
0.1281576120103505
0.1276341563441727
0.12261454491730535
0.12042910131799356
0.11402322825604065
0.11517664995890925
0.1101471184351503
0.10471805733812974
0.10460806654237598
0.1092716680072042
0.10532216982695632
0.1001086635195062
0.09755306669077778
0.09834097407675443
0.09360659325494232
0.09067678298436212
0.09053215825443046
0.08939613993295674
0.09056045686232127
0.08566981201699464
0.08483745842228557
0.08362023858921952
0.07893192086348835
0.07455218486253526
0.0777573743840834
