0.4162516796579924
0.4162117363803732
0.41618291196998464
0.4161363514895767
0.4161076316591515
0.4159963065921873
0.41597437114228064
0.41575647675401806
0.4151808327002341
0.41420609681114645
0.4049831402831719
0.403193856412673
0.401077136235855
0.38974053033316924
0.36466504189030363
0.3577711924002712
0.35711618100622544
0.35514100628357453
0.3520609001448109
0.3500883278172928
0.3448433720433211
0.34256445414646647
0.34112992232627226
0.3345086334512076
0.3234779466038358
0.31936722831995146
0.31668977577160795
0.30156216280391485
0.2987986246174238
0.2972534294263723
0.29162547325811616
0.290391626193175
0.28247734439200023
0.280146237925932
0.27364929796552806
0.26346981423711135
0.26219399187538683
0.2617091792797421
0.24741319258412492
0.2429264513123465
0.24586889036803786
0.2408682656543349
0.2400603453552473
0.23674196431699362
0.23733925685212307
0.23413195765307498
0.23098450128050027
0.22976506961277535
0.22799393080996766
0.2261258494481954
0.22346429314448404
0.22194029541383686
0.21923720646031988
0.21527519850679555
0.21183160348444735
0.210320868746801
0.2076314976082959
0.20639938755186454
0.20308131154141054
0.20118686594541707
0.19526257322915466
0.1936268377560799
0.19420353631022802
0.19345270962268385
0.19134714216541923
0.18961300668704567
0.18597802640207306
0.18138165508715606
0.18067230025880168
0.1792233662776218
0.17651514895810258
0.1743533750569192
0.1689284558793663
0.1672863129797769
0.1630063144420478
0.15970979438228247
0.15695467503046523
0.15609193714434685
0.15423146087079806
0.1467011071374852
0.14712383714918092
0.14412598287810027
0.14070802123868356
0.14235021539451154
0.14135094150732064
0.13917007623677394
0.13132644845214395
0.1356107679185382
0.1278081101339421
0.12701419487243337
0.1273860771140682
0.12441492367958497
0.12039672246521646
0.11997078946725723
0.11353442236832692
0.11989358352473445
0.10930125770779625
0.10251013457909429
0.10886150849714483
0.10265553740793873
0.10212916121142493
0.10388358201373951
0.09508089907413655
0.0963919938770847
0.09475947932541577
0.09146964294480948
0.09204517071279893
0.08810112829699843
0.08525840772687514
0.07931133033380247
0.08057956804891438
0.08134943249223249
0.08192098075164587
0.0754070615912284
