0.4080355681034273
0.4079703166600663
0.407979865228609
0.40794381746485586
0.40696943476416664
0.40125411314277964
0.39391729163093875
0.3743771636225656
0.37101787238871164
0.35442023179116056
0.3500933273403907
0.3456684954063184
0.3385542429472768
0.3347192421891281
0.32828922943750705
0.32751961568065874
0.31074752515862575
0.3077869064786132
0.3016516188831081
0.29015987622097716
0.28589741915555456
0.28146242592666093
0.28014078821307536
0.2797179654439958
0.27843860104761625
0.26630976036665865
0.2589250940074617
0.24588963859034596
0.24593990447174022
0.240185280544006
0.23855155016236057
0.23344882901616137
0.2298925106294695
0.2287074311026369
0.2233026885565098
0.22299628453679712
0.21935516294248342
0.21470492750105843
0.209359733125879
0.20678078395612765
0.20548801476001077
0.20231439890673772
0.2033846375375166
0.20047921205075556
0.19754373220466806
0.1902170847533956
0.18557739224679734
0.18071858812044944
0.1828567295728926
0.17990452508468185
0.1788364977044232
0.17323286343948435
0.1610200224437806
0.16137863142176
0.15308480464190694
0.15278679316582186
0.14811267984747614
0.14503387340417206
0.14550866360291617
0.1407962778510926
0.13988567162089832
0.13907767560007117
0.1336114279819714
0.13273682013825022
0.13249744552253548
0.13019728896340954
0.12776364003667556
0.12625091903510124
0.12424774786396288
0.12152697982197957
0.12099451688475212
0.11987071622890313
0.11549784466392243
0.11651200403705379
0.11557682985380503
0.11363284390237965
0.11024566779510599
0.10681392601048473
0.10537473309999086
0.10006940310937561
0.09964262990759727
0.10170045318500365
0.09598004172304864
0.09301499072375956
0.08953739257759896
0.08837474242860822
0.08483618517505041
0.0829942178383743
0.08095777547886147
0.08306372370089525
0.08131072059106952
0.07763845511165601
0.07570757419631699
0.07502420480201884
0.07570306780988079
0.07635594452978212
0.06680597030043352
0.06891293173590501
0.06848575685315804
0.06685935073624236
0.06829418448218727
0.06122915548123995
0.06351461959068196
0.06284192260742387
0.06417587534660775
0.061297544873325484
