0.38375501927566275
0.3583752772325405
0.3265824885405109
0.30883458740504344
0.2961387382019573
0.291386236949212
0.2871293569946132
0.2778668184499624
0.27469952947866355
0.2713334315093169
0.2595800747296782
0.25801755495159867
0.2568052905166364
0.2532303149279691
0.25126258318846667
0.2468852015954829
0.2433337750156812
0.2435937150089076
0.23617278586486096
0.23662720567215312
0.23005366702894536
0.22998116272562752
0.227258983618181
0.22897308065114597
0.22633706361745115
0.22580989956196892
0.22026759644268878
0.2213338768929411
0.21894493698961184
0.22027999792681335
0.2157293477878063
0.2120356814359306
0.21149350102170522
0.20962177137782104
0.2075659479610778
0.20803592527340456
0.2073486072617735
0.20228560131177858
0.2009681069525342
0.20149649611672327
0.2015206077265911
0.19583894252672437
0.1976569106376178
0.19459901899130927
0.19601429042520171
0.1906585934597007
0.19023090731958683
0.18743606895247136
0.18392078494002662
0.18434768364050347
0.18224314949345394
0.18036335394042094
0.18269016648630707
0.17848867254975018
0.177869989114542
0.17650316304057556
0.1767229487840982
0.17463979759612744
0.1714331568507228
0.17020196441286048
0.16913896841473988
0.16785433350840295
0.1686393269882305
0.16757841525157066
0.16782686442099384
0.163776354653862
0.16206488087249526
0.16366345089092676
0.16332657609910212
0.16063239554008216
0.1597781530088177
0.158545845407339
0.1570493022733242
0.157881362720297
0.1562728705122598
0.1558334108680355
0.1554358952660739
0.15318409658449342
0.1534069546086413
0.15156781530759839
0.1523528453425593
0.15039261163492254
0.1504900909069598
0.15062190325164906
0.14924774266974378
0.14620625258996264
0.1467388407439383
0.14800299753441776
0.14361347293494756
0.14276056948837212
0.14217730744151838
0.14233046299016686
0.14346438621844507
0.1405541925227599
0.142207928968748
0.13824299159547238
0.13992787223835546
0.13870564962166104
0.1375653559976562
0.1383596826022748
0.13442948035740646
0.13535495810012504
0.13096983863291123
0.1349440225214614
0.1346154329385678
0.13394542617781607
0.1331174804287185
0.13016070399977644
0.1295733363503012
0.13265283669773076
0.1280099507551301
0.12905604643827273
0.12522758101230638
0.12646436530778835
0.12585986982338337
0.1257199831795976
0.12557572015857688
0.12420598016419591
0.1231160733320194
0.125808349843663
0.12433094668318546
0.12303153424279654
0.12391537057096291
0.12002012303292399
0.11898382258927173
0.11696591071553415
0.11903199845482819
0.11808573732426425
0.11653132730449028
0.11641202989208266
0.11478897268803366
0.11563694061024558
0.11542257692173213
0.11607352515992914
0.11097455361940949
0.1115828523614967
0.10974328548787199
0.11364041155225281
0.11030542914561048
0.10752861420041325
0.10857892668266174
0.10859984248625652
0.10981681352034756
0.1055895948637448
0.10390990047518378
0.10808674553782827
0.10314793795266854
0.10277538908921852
0.10469356421148493
0.10247862674758904
0.10105523500222907
0.10158101866975287
0.10070781963533404
0.10011397956540076
0.09906065433312929
0.09736835462976313
0.09580299948795362
0.09581259330778001
0.10064950493394578
0.09910906489890092
0.09633174338169301
0.09635659186057607
0.09531302635036068
0.0934081736947229
0.09166411555871794
0.09112628691722124
0.09154269487716474
0.0912879790955084
0.08702036365036611
0.08822027377397804
0.08961802862188788
0.0867960814460357
0.08765190304775947
0.08528079657855034
0.08746155873297233
0.08378541439583627
0.08715465177245299
0.08735264081399072
0.08229290089926958
0.08293541599520723
0.08358180339262845
0.08070588341854366
0.08219588282872764
0.07797175477392802
0.07823039094258623
0.08067963940996808
0.07720643048598576
0.07554998070829468
0.0747170876014185
0.07571845245725352
0.07750084751365577
0.07712944493081443
0.07441912806432908
0.07459414967032711
0.07550878716928645
0.07138015522072912
0.07133583334896966
0.07436958725559327
0.06995507711750129
0.06872781307498849
0.06852435717442837
0.07152462489999951
0.0679967504008341
0.06916993005162013
0.07039857457076563
0.06611238580882263
0.0660889422225511
0.0670149844912142
0.06402213526833062
0.06418140471093216
0.06407344404059055
0.06526212090162692
0.060782969156377355
0.06455351850563326
0.05905082828425799
0.06252741563753039
0.06377133534456003
0.05974516116065933
0.059428668157688616
0.061307093914575665
0.06190700917193178
0.058928576997161586
0.060262230370627584
0.062354707673415825
