0.4208843314805276
0.42084509056607805
0.4207540409668434
0.420643394944425
0.4205726872567231
0.4204653128451039
0.4203038940162754
0.41982363283921725
0.41884405764406296
0.41868084607411593
0.4124736762215278
0.404013005119623
0.4008356418174927
0.3876885840335567
0.3855564199298996
0.3842291216221054
0.36699668202232755
0.36450184372603134
0.359557828090067
0.342149128865481
0.3348731931766793
0.32385672964145584
0.3118592004949024
0.3092755466446332
0.300753189252816
0.297762297874152
0.29391293166862514
0.29114558882630537
0.288304766419302
0.28387581545637
0.283591671852068
0.2801156067703101
0.2771462158845881
0.27369021969522467
0.2727199968575318
0.27125267743370673
0.26878639838722695
0.26294469297901735
0.26191353614861107
0.2604968054302111
0.25920562313064777
0.2558101191283633
0.253153529833214
0.25188359239446734
0.24984873745807037
0.24907522318434047
0.24614207840290125
0.244573420845533
0.24236483896640607
0.24017865796805077
0.23999056325062915
0.2362196087322259
0.23660189275368512
0.23742599034740694
0.2321074766989159
0.23202824521133186
0.22824620135589832
0.22725055422472126
0.22634362389544854
0.22497994286229786
0.22370360536245104
0.22185584731986457
0.2197173123676056
0.2183555875931179
0.2189428345855297
0.21775961251707437
0.21212422544204554
0.21114820770563184
0.20979633277958004
0.20842649678022138
0.20599749318139887
0.20555871157006272
0.20285281935639335
0.2010611324809022
0.19700169662597758
0.19784175960940187
0.1959945356048923
0.19430289578883372
0.19188958650440893
0.19280222138791028
0.186956671591845
0.18803794430287998
0.18349334303597134
0.18201856257958918
0.18357507856314517
0.17870927218136745
0.17908930564813336
0.1742940247577671
0.17397109013573425
0.17150382046347956
0.17160134665525786
0.1704941353826667
0.1655313806705499
0.16365446810117634
0.1615277464960865
0.156642908106037
0.15744859544936446
0.1527451277408891
0.15300009054020747
0.1500435205756348
0.14783802282009742
0.1490669933887661
0.1453905372062396
0.14359259748670772
0.1431046470488785
0.13957787810294486
0.1335998171224421
0.13625666758149024
0.13213635382607006
0.13257856288607536
0.12741658206162002
0.12955699783065025
0.12643596835417734
0.1270263291376772
0.12409987419116915
0.1238596536331923
0.1200785677928167
0.11693016042518166
0.11013680405960194
0.1153268868594947
0.10871048105750668
0.10892453990643187
0.11076374799989704
0.10338946390727877
0.0992672544315958
0.10728661232306937
0.10101940149093645
0.10075073570107927
0.10094502731473637
0.10036238695648307
0.09581561545038865
0.09435456093425913
0.09334008878070879
0.08867856010089967
0.08688059076182225
0.0817423176408151
0.09053721078381136
0.08821511095803344
0.07784425728775822
0.08312508852760248
0.08388631640150777
0.08406310904716702
0.07898492677776213
0.07542520936094894
0.06983617596068355
0.07895249049662009
0.0720781170661872
0.0672847159880105
0.07571666047358021
0.07024003665831399
0.06959852284282222
0.0640576091069684
0.06496414268304944
0.06431096363900052
0.06248678575595597
0.06648666539633781
0.06487220438249297
0.06495202009036985
0.05736410933602537
0.057450529126930855
0.05420807441060676
