0.418403660532957
0.418336210466072
0.4182796616322652
0.418241931403205
0.4180377682437971
0.41789780979796654
0.41782562732713824
0.41731867413413876
0.4153793149538228
0.40745235839644217
0.4016131227265459
0.38330429757165874
0.3801855479475412
0.3664169692727564
0.3630663863029637
0.3513889594074688
0.34613449793962386
0.3384108303609281
0.3322371060457577
0.3261274244752262
0.3177197301008867
0.31415547718855635
0.3104556640630292
0.3077169803822067
0.29962677320314546
0.2983910612188377
0.2926041452016009
0.2892573450546608
0.2873776952152852
0.28488130557253705
0.2790535428308929
0.2764495697102343
0.2723708372719802
0.27091183973751376
0.2657104878291974
0.2637720761956876
0.2634591032017822
0.26018361946670443
0.2534377492002298
0.2494663494184085
0.2435905173440863
0.24198484011749763
0.24081363212888024
0.23564671784846428
0.2311344712114996
0.23001635288347871
0.22384231937536794
0.21990876966609008
0.2193253620392616
0.21625673990380187
0.21526534644850265
0.21125553065903607
0.20889381882723682
0.20536164712080468
0.20283720792535934
0.20033429722092114
0.1977223223035958
0.1945104170223099
0.19115143458579906
0.18779738037388433
0.18638878911377035
0.18468224206364617
0.18110536208351147
0.17873912424499047
0.1754607306509717
0.17344418274535023
0.1703112224711098
0.1674242455666849
0.16168903084523195
0.16184217558442748
0.15954690414956246
0.1569822345080916
0.15545903996911936
0.1530664423737648
0.15440791432730194
0.14666158855369274
0.14583408643435566
0.14554655255981383
0.14263418706333267
0.1406548131722486
0.13602632565652417
0.13525111245039406
0.13426715077216717
0.13225654539196455
0.1270933661775501
0.1317840266380553
0.13034530132910274
0.1240633807155748
0.11990718524032366
0.11967233663564061
0.11716467970837198
0.11471686160053311
0.11475183398625231
0.10982325121706348
0.11305819182932876
0.10883554823659126
0.11057515422327556
0.10896036914974236
0.10359385172989889
0.10109761148010235
0.10186414158924893
0.10337977035573259
0.09607485953025334
0.09409511159703204
0.09764072940458111
0.09306944553577041
0.09343330137194222
0.09108750716145375
0.08984314605798938
0.08617697345327659
0.09033116769117078
0.08786765741541158
0.08916224637081065
0.0871941404760939
0.08548538208647338
0.0844417058859459
0.07963227325504586
0.07530709668442444
0.07580303848990448
0.07291594071384035
0.0824888427495737
0.07171122626247284
0.06910032394553448
0.0657124970683695
0.07074504786882946
0.072018324525765
0.07316317812559676
0.0617412102385139
0.06323953597114253
0.0725559899705113
0.06570321022869618
0.0634835096573389
0.0697541788331928
0.058090780807507555
0.06419335745175568
0.05807960592169296
0.05654049169733501
0.05957150349249807
0.05550954603872732
0.059727072510526065
0.052621818974145335
0.0552807190527237
0.05434616613688607
0.05462777357052697
