0.41458815765697576
0.4145409652500921
0.41445845054425673
0.4144128068183628
0.41430274893093677
0.41427618693247226
0.41409935012121507
0.41390327287646106
0.4134961667802111
0.4127360242650655
0.4108103417861674
0.4083509474639235
0.3894681809036159
0.3891932169703653
0.38485162523553695
0.3803503322887912
0.3759894745518679
0.3693701653113687
0.36721478494749454
0.35470171604643
0.3527179968101446
0.3417348993678615
0.33995469987698335
0.3253670577459234
0.32272602948278595
0.309784275053814
0.3085871139832676
0.301162541139062
0.30115575912479564
0.29408329513427295
0.2903281486936526
0.2864039726208553
0.2839523701768402
0.2820718904941958
0.28174135589277355
0.2778119284377146
0.27480613080101435
0.2741955563256566
0.2706508868639734
0.26855727362902093
0.2671097255878432
0.26402755597312855
0.26240535456536107
0.2592145734195175
0.25943617470497937
0.2547244064748921
0.25297409859173087
0.2509577006205365
0.24949439468623355
0.2486533882676339
0.24594032153529508
0.2416531335985802
0.23956140520465777
0.23841598607139056
0.23605584693066956
0.2344537406558064
0.2311125918198205
0.22895669743528593
0.22695847500382554
0.22522991369473538
0.2204988630175413
0.2202293641539756
0.22010663731793328
0.21552421039962416
0.21327981885689792
0.21188335971280656
0.21077288369025704
0.20643634562659655
0.20376247391393407
0.20442602152279551
0.20130874024727619
0.19807838709050216
0.1958982328898817
0.19485028303181204
0.19054610112389697
0.18865469394287238
0.18639325709249963
0.18980747578905358
0.18317648284345098
0.18186610218789853
0.18470675398433256
0.18118794558682327
0.17703799696623165
0.17449266353294277
0.17290403891778894
0.16878099904631758
0.17143074136236705
0.16940484324410915
0.16627053254886967
0.1647521708946722
0.16449561175008678
0.16091696508366762
0.159001944312819
0.15804318342438958
0.1490316240995414
0.15342972931514381
0.15154434444983647
0.14894552573482692
0.1481136869482196
0.146792399555317
0.1447985773106402
0.14335738601776854
0.14107266381807076
0.1382218494630392
0.13901672649937133
0.13553807822071567
0.13220974101482885
0.12980054016974757
0.12991098432213702
0.12980684513064586
0.12426472875656165
0.12607294422561668
0.12484372915000097
0.11595290369005391
0.12105688066451697
0.11294622160919048
0.1146926544473759
0.11194658008422188
0.10959206284926297
0.11054920907142043
0.11175792906534322
0.10493889860524873
0.1060671046119805
0.10052140137564006
0.10014246959416767
0.09910302345514822
0.09984952405090701
0.09681675858136456
0.09799066200135771
0.09252936910092929
0.09481763589565893
0.09040674341019059
0.0918088394228018
0.08967120649932778
0.08980851685150322
0.08782992835372083
0.0804300043719067
0.0782639921386903
0.07888358403783288
0.08315531250351964
0.07890685202353609
0.07900747186601376
0.07695533994271866
0.07669905543204261
0.07482612658930736
0.07234936477792885
0.07136709870654617
0.07059934139898032
0.07038299602612415
0.06935966373598446
0.0652778117608374
0.06316392274017366
0.06513237393160069
0.061865232579370176
0.06269412153101567
0.06232829066613759
0.060730432936467266
0.05922206490458636
0.059353893778644314
0.0592746794368506
0.05794638457199106
0.055860298999660905
0.054151947316809355
0.05372192245988015
0.05761963181765975
0.052585462750061054
0.051786962280886265
0.047740587165298325
0.04691743864772422
0.046060501215655796
0.048377178683116834
