0.3995653231608809
0.3957583579422946
0.38444371817335943
0.3778385005674709
0.3729193953607858
0.366855860281622
0.3637681491280356
0.3383449961199181
0.3378284693619402
0.33217175919570124
0.32872578430871646
0.32757983793849427
0.3264338929785473
0.32420619592092587
0.3186701249822131
0.31590658933796967
0.3112481575655141
0.3125057535906099
0.3090725681299303
0.30483947557901997
0.30131486593456713
0.29947664085611386
0.29676815051136185
0.2913057362709784
0.2925524052452749
0.28092210668758255
0.28074098594364383
0.2784977401752291
0.27673983785516565
0.27510917320865974
0.2754977321651939
0.2716591012828956
0.27238845744594326
0.2694698775231485
0.2687612569917
0.2706268075833582
0.2652251041090317
0.2649425957186197
0.2629315190408938
0.25968253853950035
0.259632675524059
0.2575634950956139
0.2545513597921019
0.25257804839107
0.2516078672686604
0.24801974970057533
0.24674934266171908
0.24728581112232154
0.24668303132552621
0.2429528904570114
0.23983952227634905
0.24020512862689747
0.23841452498170512
0.2386010122087278
0.23561713953063157
0.23294740638623584
0.23435250543129998
0.23109945821781197
0.23014903635426556
0.23013033847992512
0.22869711672334672
0.2254905001280174
0.22841915140458047
0.22505398414577085
0.22287664319343753
0.22492174722147143
0.2215270377385909
0.2193697218456754
0.21877201237258928
0.21615509540201835
0.21548163244398338
0.20911191494193931
0.21148182075825425
0.21080525471357747
0.21054851217349718
0.2088407466508333
0.20522484816182304
0.20553309298032327
0.20043069917870787
0.20403111126544746
0.1995249097634681
0.1994168823579654
0.19873391744014454
0.19770361499972888
0.19641875766248118
0.19481535009844014
0.196927596230084
0.19339295227838876
0.1951438906489614
0.19125822604777004
0.19169932223077346
0.19134526588866546
0.1872877802522808
0.18922218151993606
0.1854536484433325
0.18639608060864227
0.18781357838874055
0.18625991032129743
0.18489142146583662
0.1844965730342295
0.18079216908911658
0.17899569011118305
0.17726128239354558
0.17830200659848425
0.17877282652235407
0.17645607996064608
0.1745685482845314
0.17544104640985697
0.1754859177011009
0.17640120372528556
0.17532980779875926
0.17395540850356553
0.172943216229605
0.17331340957732075
0.16802214595572407
0.1661572796676481
0.1687581559064156
0.1683325838022071
0.16819993896066696
0.16851013491336383
0.1661835097391215
0.1643229971631933
0.16097021391768485
0.16301383908557768
0.16274460892479545
0.15889852942110744
0.1610084098802856
0.1598657467222336
0.15568992053779607
0.15774914758544753
0.15510107722215716
0.15550891160462352
0.15425258784886187
0.15579582205122675
0.15483597908807142
0.15351518112466692
0.1516487302132564
0.14998561363597496
0.14848150290757936
0.1491372589318089
0.1475901384636641
0.15274358863259768
0.14800044923352526
0.14708064137678525
0.14619062947295222
0.14447730997057834
0.14524732350903247
0.14394236176678865
0.1430726155997233
0.1421696013446064
0.1429331080148273
0.14030670012857335
0.13867519989339055
0.14006681245512048
0.13674903244805062
0.1366217557996653
0.13320602578807716
0.13363438367697203
0.13350791380627025
0.13450787796651673
0.1296898169908442
0.12976042249289585
0.12991140923637662
0.1266455542959277
0.1308077268855616
0.130402382262001
0.12944525886200123
0.12807675675487123
0.12619402552549738
0.12715827550540143
0.1260681361401939
0.1227592013753816
0.12546159571682966
0.121525395088237
0.12256763477509441
0.12294664137117904
0.12168959373831029
0.11652620085486737
0.11630897651950972
0.11993886150816963
0.11536857552970983
0.11441724881773567
0.11389400987671583
0.11342072571146822
0.11108980449044434
0.11057939768647836
0.10765400890648896
0.10508368297605832
0.10991530295828753
0.10958518836096168
0.10645558668151292
0.10799926783158861
0.10647304696182314
0.10343717008949689
0.1038950553109716
0.10619959132975196
0.10186161822299392
0.1038867004000192
0.10316706805112008
0.10492823862530745
0.10592238948642495
0.09910707891330223
0.0998910536210833
0.09800514183732556
0.0961836904479615
0.09541682902146482
0.0983325488857154
0.09412072142465447
0.09206260975478422
0.0937135122945608
0.0942924859600553
0.08983755618158518
0.09150474256121205
0.08910147042192225
0.08941812608289322
0.09086502833013341
0.09156333666125864
0.09012585432215654
0.0873631233131588
0.08399401568260934
0.08383406323071062
0.08616165221532564
0.08419226022987363
0.08544230580002343
0.08390837437132703
0.08027266304556209
0.08023027169730822
0.07885265984303634
0.0783994498428734
0.08012760082991675
0.0782069329870274
0.07723742323264937
0.0772922838645325
0.07920359980170401
0.07228408805334442
0.07203212992432116
0.07753391772375225
0.07642606514064122
0.07248555817852437
0.0748105720776497
0.07295793913941279
0.07462438073674145
0.07005427356948589
0.0734416144405371
0.07184578484862367
0.07214188125266668
0.06891891304300218
0.06565339661418294
0.06720836200366906
0.07028744293430492
