0.4198980176581724
0.41987228797347287
0.41983644757502075
0.4198760024150805
0.41982032015393
0.4197760515732773
0.4197775715873999
0.41972798288849505
0.41971124941733357
0.4196808962012081
0.41961177572475866
0.41958930790855165
0.4194582265094207
0.4192980191444771
0.4190838341666135
0.4186373989738959
0.41783276235783573
0.4155517401527191
0.41338900674085377
0.4105805083730467
0.4077758557692512
0.404460737654145
0.39975606437505645
0.396206562849027
0.3906706124771544
0.38702434034070615
0.3773033159664156
0.37066229903909015
0.3667345042052568
0.36516441658057
0.36247349826451153
0.3603822484639511
0.36102082207422165
0.3583097686687716
0.3547234952797942
0.3537766657782921
0.3528479269740334
0.35133401340192016
0.3469487195646922
0.3406681612906127
0.337315201213076
0.3329503829937824
0.33075839580328403
0.32673339482335195
0.3219614229965467
0.31847122899976926
0.3185194886329928
0.3158304414343951
0.3130323603317478
0.31091255680152874
0.30899568972801167
0.3080712988679462
0.3061760226986287
0.30500165730813034
0.302401229360015
0.30140595318744073
0.30068286070243916
0.2997055276770951
0.2974160292749906
0.29617008303936726
0.2930933916373545
0.2928100730218062
0.2914745698355265
0.29170548364329485
0.2892160404171801
0.2897354125586688
0.28771821595710945
0.2896615191703898
0.28615672095966926
0.28408817601228065
0.2837970264392352
0.28007001579220947
0.2816079830344835
0.28034747030074014
0.2784056607915338
0.27875068104852474
0.2764285229187996
0.27592676939353655
0.276596732480546
0.2757650709526252
0.2732745302241284
0.27104347854306227
0.270799132448338
0.2702520980421758
0.26829119156986436
0.2667450031579826
0.26582244819455614
0.263431958857814
0.2652176696680953
0.26319074689967487
0.26214890047255895
0.26060022428599977
0.25923145866148134
0.2581735034450752
0.2566591028408854
0.25322279639392214
0.2518788480313277
0.2521590890899834
0.24938195208745417
0.24922685757365717
0.2467931745928741
0.24753095058603164
0.2443073566550323
0.24183225362216826
0.24243816154273662
0.2416245538636482
0.23964735947582255
0.24085949335912618
0.23745712200296543
0.23826449662747773
0.23337625527437
0.23295932523175636
0.234060861819208
0.23077259630668964
0.23058564017476207
0.22939334909265197
0.22980954818843144
0.22699736493943262
0.2253980731016754
0.2243665200876146
0.22492389465781665
0.22242214113681644
0.2216346037429219
0.21797975772831155
0.21764871981935613
0.21665832995108952
0.21275335000896792
0.21248370461374103
0.20932873478613903
0.20855834743858395
0.20823016070299508
0.20211361539053302
0.2061715229978131
0.20086222834693554
0.20157802859417287
0.19922468128461154
0.19548278120061477
0.19698612752124034
0.196463137394079
0.19338545653279118
0.19205362887001942
0.19168405490745158
0.19061821709532267
0.18778766243897288
0.18637007324552965
0.186746303921366
0.18106816300398101
0.18073273443931698
0.17727198467515085
0.17804951623221785
0.17799231142911384
0.17607449307283152
0.17607760616534307
0.17008904460204013
0.1717630067630555
0.17127918945905457
0.167752378361318
0.16725876215806965
0.16587818729227247
0.1680045117275464
0.1622176235912043
0.1626453048277122
0.16043069870255375
0.15988558333245656
0.1587726041612495
0.1541910851088341
0.15238377107136555
0.1500781683597893
0.14850079190541396
0.15009578572893387
0.14924986654671468
0.1476119519894936
0.14455726557521842
0.1449815320813375
0.14272047796730583
0.1422091231288734
0.1392550914117162
0.13803315874649474
0.13754888466896925
0.13682537850554283
0.1360217372133818
0.13542013462912855
0.13394219326364593
0.1279989276285463
0.1344220096302889
0.12980415608631482
0.1271219399054309
0.12728034050823325
0.1253486336269406
0.12556006608489123
0.12657943785823925
0.12062477170248144
0.11898786801391112
0.11819077969667657
0.11314837374018091
0.11445851994169429
0.11607950956395835
0.11534730945119977
0.1105259186995588
0.11429546163918727
0.10991930773750871
0.10559883123719291
0.10613236218277282
0.10854107297115498
0.10427037040008344
0.10380887122589594
0.10278207457739287
0.10252631553692872
0.10004062615599517
0.09747383862627372
0.09794064272881359
0.09722751752045446
0.10021394761853714
0.09162202425273897
0.09406614984863418
0.09350471205280485
0.09100430317452629
0.08957847115574567
0.0845848644310501
0.08689414671868362
0.08624801858525515
0.08655865152105455
0.08455431439483464
0.08590249537488226
0.08337833154163515
0.07834942346838877
0.08269901963753663
0.07754170007533219
0.076810791173704
0.07989588353692502
0.07452607003236669
0.07729038156684327
0.07312116151579012
0.07262972248524674
0.07351000764988953
0.07787998266759061
0.07100792413687532
0.06950919284540723
0.07089479707706657
0.06992271871186716
0.07028696781656871
0.06704821625907113
0.0626745250682191
0.06831102632810013
0.06303099498721235
0.06704498999216785
0.06717430042985198
0.06503349961123787
0.06707920117463723
0.06406652435473896
0.06336232922705073
0.05978399929045485
0.060242221055359084
0.06140513507280629
0.05811956417309997
0.06290079646972022
0.05624028484757844
0.05406377917917959
0.053313423602948155
0.055679850279648606
0.056564505846177615
0.05117457920449909
0.053758018585909895
