0.42015107759491316
0.42010833787116797
0.41985980565524356
0.41960562909588867
0.41875959049804506
0.41561185750532115
0.4126713315879202
0.40912038450307764
0.3886803480756188
0.3863778289287804
0.3781611741545085
0.37005570820769257
0.36116362667688806
0.35305274932356473
0.34993145380441426
0.3410070678207909
0.33630949948366684
0.3151682223915372
0.30906576251343665
0.30797166195117365
0.28866320758547853
0.2839328377443273
0.27941095551680356
0.2759502213815749
0.2722544848270325
0.27045956186004255
0.27180991081019873
0.26922413418670593
0.2607036459976972
0.25860201327142807
0.2566095639899106
0.25428446007133204
0.2528780237270559
0.25197853296834605
0.24988000228420823
0.25106570839248993
0.24585877548863974
0.24383404975356116
0.23792250592611588
0.24181868239335938
0.23595745245027316
0.2357033338648714
0.23471594968048856
0.23138684302954268
0.23181395440013758
0.22609883204642256
0.22225349645456485
0.22033182030472526
0.2171929905454457
0.21213443592063858
0.21849570060778428
0.213064288644958
0.20939332958579338
0.21149576853502133
0.20490435429096251
0.20313939034826875
0.2025551538132704
0.203667294436356
0.20081654409673086
0.19501824569673998
0.1896397327805074
0.18898365497943326
0.19379213849455287
0.18745178623619452
0.18276567158849188
0.18166030092953123
0.18413079287150522
0.17976311726534983
0.17220488901755857
0.16781242786718698
0.167143380503124
0.1617682833465631
0.17294553897080794
0.15618629970484832
0.1535983637261675
0.161185349481996
0.14986151810251086
0.14416713343322518
0.14493934583736967
0.14033636374704908
0.14144111818371893
0.1371942887201329
0.12977200897948232
0.12448987873029704
0.12383638406444848
0.11912739608751778
0.1183001102474269
0.11774009603871298
0.1149033678954606
0.10991835334320005
0.10934702786021475
0.10695909099993876
0.105381115582217
0.10670188951869124
0.1033581762936056
0.09974306166340852
0.09629343631146249
0.09516823329024637
0.0992960746042622
0.09285549070049166
0.0940139546114795
0.09228323524646267
0.08410147252907581
0.08660558025971368
0.08504752817220462
0.08292954299706684
0.085247062191747
0.07910174153831992
