0.41430080893973453
0.41344795995158523
0.41301919994157893
0.41120974057423915
0.41007695048713494
0.40256770826922017
0.39551706486808474
0.3873720354807812
0.3858107373754076
0.3511182571625163
0.3496478571415085
0.3474635040503074
0.3330586228845267
0.31613099324185906
0.3137272136997968
0.3033252939594983
0.29928335709534315
0.2911904736495963
0.2896561422698515
0.28476598997512365
0.27814519519788705
0.27447848644808676
0.2724800761580636
0.2714746161336513
0.2669219587092443
0.26673469496478286
0.25951987259735837
0.2578730123749206
0.25821850682204206
0.2518752951980197
0.2471787864655755
0.2447283132855139
0.2344135814887977
0.23344104453601713
0.2315073216951515
0.22968340496615108
0.226267133923341
0.22309774580110203
0.21932443638119972
0.2183629131274028
0.2159471988663471
0.20514302618886152
0.20407455961881746
0.19824099359369052
0.19473010533732704
0.18944082641403556
0.1906436239088973
0.18817052208121063
0.18240750196173142
0.18360997517896718
0.18094131426350069
0.17865519901661692
0.17399759794419056
0.17056293664517963
0.16472090095996247
0.16253387572292238
0.15929808473261187
0.15772741624750003
0.15172269763271623
0.15439782968105772
0.1495128964052361
0.14650037543690092
0.1432761719066743
0.1406636882521379
0.13914471473577383
0.1348191648888649
0.13460609039390456
0.13193619765479997
0.13056447012034988
0.12668698414495327
0.12268146442484852
0.12370495798903706
0.1150054061256464
0.1170259699655237
0.11513147103132537
0.11058855941217985
0.10881842459574242
0.10749020268948928
0.10433891890491821
0.10180333804917444
0.10238059233249298
0.10308483676563125
0.10012581991744518
0.10150961666090265
0.09550209772204461
0.09237872848817107
0.08449002464759459
0.08795863494738261
0.08411248364741275
0.08499195499867082
0.0867849726001648
