0.4186672428129569
0.4185638613338201
0.4185368851288478
0.41849073306007245
0.4182098694823281
0.41818294174693216
0.41792035781753634
0.4172360936999889
0.4156298856651476
0.3999234706504272
0.3956486419558195
0.3882394805672223
0.3782124841877025
0.3643756941777684
0.3568162376535265
0.3535908221786753
0.3285271095904449
0.32319888592290336
0.28279380651958885
0.2776959591941836
0.2790369590367349
0.26644060656405094
0.26333640399360564
0.25879821076589044
0.2561403616733394
0.2536709239605772
0.25113596619749456
0.24668898557757207
0.24553684071272475
0.2429011362297666
0.2422956476536723
0.23791081129973285
0.23349153062119668
0.23095823646956257
0.23090550845830113
0.22823976474866758
0.227014535212977
0.22488618821482353
0.225662011070624
0.22006378539103674
0.2152287308818817
0.21514650519198802
0.21502828066434876
0.21265624632776414
0.20868687265021607
0.20990110338722417
0.20660669354288072
0.2015231563676386
0.19977580195545916
0.19640280849904376
0.19660493798822848
0.19473997124657766
0.19050481782790746
0.1884606235832153
0.1823293847828762
0.18562249632456354
0.18247188940879794
0.1823297175392613
0.1731059979480311
0.17002718365871222
0.16690482097949352
0.1626800866685594
0.15957429423507205
0.15519827837160569
0.15363548653253137
0.1540269223008202
0.14551916039538623
0.1438387800986644
0.14827394594082946
0.14106440492331274
0.13823305998340296
0.13608096752768453
0.134023920006237
0.12981438284470412
0.12826298157834737
0.12704894902732738
0.12321789477650393
0.12340380225552768
0.12243133826593369
0.11980817709630068
0.11553760055892213
0.11374621503024393
0.10979209053530324
0.10724962715265361
0.10621070545986286
0.1056580330214774
0.09982231972472953
0.09576966776738347
0.09674046645462114
0.09441115243176261
0.0947590310378856
0.09164604840280526
0.09016371809800856
0.09069289987646438
0.08768355600564844
0.08193671814918585
0.08224589666220512
0.08006755686261986
0.08122940822057816
0.07885855142173438
0.07266515348719567
0.07124224819005218
0.07268906470236143
0.07604515996953394
0.07421734768242813
0.06860351579435489
0.06688987541511603
0.07563832936028188
0.07084031656630545
0.06648933861411722
0.06606636697045956
