0.4075480551740054
0.4075572145010499
0.40756656243744527
0.40742949323588
0.40730194039833834
0.40722000788523893
0.406114039168533
0.4056496740910638
0.4012796744259719
0.4000992438786863
0.34635870374018274
0.3459640755659254
0.338934849286023
0.33748801885570545
0.3262994559345119
0.31594787224802034
0.3118930253327607
0.30911362368991857
0.30742283992503955
0.2974539092243089
0.2896955466013312
0.2887604119455432
0.282597610577849
0.27144524463846736
0.2671516215903254
0.26383325416418385
0.2603999390498202
0.2594406839017896
0.25913134006126415
0.25514176117491316
0.25323157056945067
0.2509288096940754
0.2501807972569122
0.2468825624394806
0.2424198027596172
0.23666447286027878
0.23794862698235097
0.2319455443489408
0.23280378561918288
0.23091089508347895
0.22570770600866477
0.22712178786453843
0.22490307489408604
0.22105088042004592
0.21839153695957264
0.21239935464629148
0.20559821903709286
0.20245878720736193
0.19813217290185406
0.196576824027917
0.1928714798861003
0.18601502379962787
0.1839584098721726
0.1820596090761503
0.17959746335033214
0.17695034685926037
0.17501299201485207
0.17400621286898257
0.16946958463218642
0.16853949563554116
0.16525743270230667
0.16167526380572142
0.16178488333117427
0.16187828017275172
0.1572945831759495
0.1576535646184664
0.15397389960391258
0.15367634961878163
0.14773321555271673
0.14765386371006128
0.14879969578699997
0.14285200276683882
0.1396366878381904
0.13439655870555267
0.1330057893551751
0.13236796856245964
0.13033048185472867
0.12991331733632633
0.12628432956378116
0.12023784172002737
0.124082661330672
0.1203017362228548
0.11568127790555668
0.11110724577391783
0.11078041391030882
0.11150207906417287
0.11127708239845374
0.10662577673302667
0.10073552257866686
0.10265837430067495
0.09722678950298619
0.10068439210250964
0.09667826163202485
0.09432568821744002
0.09355340658955703
0.09022315997635973
0.08647615568813222
0.08434780507226995
0.08250798430587722
0.08100964506127861
0.08179246227368091
0.083401021854396
0.08222824758975719
0.07754494817474994
0.07580880588414425
0.07553023116532014
0.07889781171238774
0.07318891194078622
