0.41876662637378126
0.4187468717847878
0.4187369347637534
0.4187519504074315
0.4187116269885568
0.41870837350616436
0.41871938704352835
0.41869938891560143
0.41869179005301793
0.4186717567100103
0.4186767710770687
0.4186781669646129
0.41860243166980254
0.41868121872340486
0.4186473635694966
0.4186266930840402
0.41862903045466354
0.41860217798977767
0.41864064095816994
0.41860967731630205
0.41857047623106847
0.41855296680759957
0.4185344831731678
0.41856513542542106
0.4185478635705945
0.4185796337752697
0.4185242840032057
0.4185321827567836
0.4185011992846444
0.41847825004720457
0.4184308344647903
0.41844776907672837
0.41840596083417
0.4184137458438475
0.418435008314778
0.41831862450305735
0.41833578289496137
0.4183272771389924
0.41830017243009343
0.4183098614153329
0.41825597218971206
0.4182280378684608
0.4182043013442751
0.4181782555584627
0.41822184330816764
0.41808648730298675
0.4180604603062159
0.41800277133430275
0.41798896195127516
0.41793969654966934
0.4179219957766769
0.41782826649975197
0.4177574627961131
0.4177641179170579
0.4177038595355283
0.41751426071953046
0.4174529913975162
0.4174586907565215
0.4173387274801351
0.41716745361494645
0.41691622733481604
0.41671551652649474
0.4165397820691999
0.4164129336779461
0.4162389652869196
0.4159455895728346
0.4156280666482429
0.4153378082321721
0.414932363914619
0.4143249573291165
0.41387925160342437
0.41301528641154167
0.41247196860671653
0.4116053312916762
0.41042670789544944
0.4091144268696006
0.4067612157398171
0.4044666942719681
0.4004777968882233
0.3953190268396134
0.3898829506144118
0.38636292311153436
0.3849736676148484
0.381269676893097
0.3795018883224134
0.3782619479739872
0.3760556587449609
0.37457548316663986
0.3720036287176319
0.3721338191837261
0.36895299611476357
0.3673126717574193
0.36485841813303305
0.36261564133129665
0.3627025524299646
0.36107112060402935
0.3603944656667942
0.3574244802241434
0.35700657668907043
0.3559443259198677
0.3545226334387603
0.35236711151607164
0.3521687782901807
0.35052751555107714
0.3491677168267541
0.34746093739821726
0.34478611182986396
0.3449810919245857
0.3439945817613616
0.34229992246314456
0.34272780097457184
0.3422099142554603
0.3418183362760963
0.3392025487655851
0.33799327676595803
0.3366731365371446
0.33690362040401667
0.3345358055688722
0.3344455435523551
0.3325987359222322
0.3301732756553187
0.3315587402273755
0.3307249713624213
0.3285776945831097
0.3268397275183325
0.3261527977020536
0.3257474387149764
0.3232041354328584
0.3228259238185727
0.3221486074915052
0.3219940294790403
0.3196586274347945
0.31960484492267943
0.3194652611567797
0.3153749074713815
0.31527287682958643
0.3152165604106745
0.3136729900249556
0.31323487837892217
0.31193872887520946
0.3108137100058405
0.307466987422597
0.30721957747277634
0.30769809638419304
0.3067828636783143
0.3051550127128924
0.3030979615036462
0.30073503913637994
0.3026199403991051
0.30133828168819066
0.3005196271628297
0.29819566308075957
0.29787158530147745
0.29828433960149253
0.2962883770806779
0.29566427137136037
0.2961817357383314
0.29547670754232086
0.29639117637655843
0.29420228194764403
0.2935437433120845
0.29392831646430184
0.29157232291274326
0.2903994908429621
0.2906407917830374
0.29082767843836393
0.2883755462559494
0.2860702962888701
0.287435413778822
0.28912502463760253
0.2874957600629419
0.28834692499646164
0.285907636657677
0.28482089225711543
0.2856205011135395
0.2855714351077653
0.28399381643570165
0.28260177257624214
0.28238296936078816
0.2827279532749528
0.28108057096724026
0.28176744076054977
0.2796579072787851
0.279837448567239
0.27845369730846437
0.2772287591966068
0.278112605731585
0.27756375951709
0.2766651600722948
0.27694864234548233
0.277941319936173
0.2745748971512314
0.27496615162914734
0.27337392524921195
0.27489431703648254
0.27439573438151116
0.2719936401802644
0.27231075778158564
0.2739418671989641
0.27053596315778017
0.2716404464484584
0.27106405815231766
0.2688277179330651
0.270837280195999
0.2695668091392357
0.2684761929824421
0.2693696163378292
0.2688805800739293
0.2682314027595696
0.2669860802310211
0.26668837692046643
0.26461980632775095
0.265283138846676
0.26396622316758384
0.2616397570786695
0.2638137487061777
0.26396765787302745
0.26358312992450167
0.2618674724718294
0.2619505134749787
0.26310021276157086
0.26116178804744555
0.26025324066600247
0.2603742282677098
0.2612835043948024
0.2584346568060416
0.25752862137811716
0.25691499021604225
0.25898536316480514
0.25906045888149565
0.25620368249247794
0.2564341071797862
0.257580652914973
0.25617006333088677
0.2533562564299887
0.254842148715671
0.2541350434274065
0.2522458424411018
0.25254136986164866
0.25138999609157303
0.25138733579941924
0.25245094607964946
0.2501901080347211
0.25246847097097486
0.24832767210700574
0.24865089900061305
0.24859243418130197
0.2477279688922151
0.2474106943019236
0.24638526977058536
0.24645096546449072
0.2460832419564078
0.245937805319268
0.24413619005081544
0.24605559500066962
0.2453402062960429
0.24449421655938153
0.24155010010047476
0.24073157366888956
0.24241325345816792
0.2421400737433163
0.2393792245001389
0.2424741138517509
0.24214186530700008
0.23849871210373555
0.23930555173258616
0.23832873476247982
0.23843324037543676
0.2398950369467455
0.23563971797244812
0.23584716826479143
0.23594270757742491
0.23622996468048177
0.23317634444488222
0.2350001373920867
0.23494619639915212
0.2337100904108449
0.23340603122231496
0.23310456873986446
0.2308887581222974
0.2312899535884074
0.23188349130037744
0.23162110612219314
0.22667963806176186
0.22857591528756402
0.22962543389015205
0.2292722340933263
0.2260982310177275
0.22845482669797482
0.2272307560272906
0.22623171103775863
0.22709900271883027
0.22708398525193338
0.22441311990484492
0.2245032043494513
0.22560468155734126
0.22404561263858605
0.2223310475088369
0.22112596567394827
0.22263990922494487
0.2215092082691564
0.21729892407084342
0.21876799652175838
0.21928227629924213
0.21885650502986673
0.21998422557850936
0.21746046383153367
0.21783003496820322
0.21732930888778484
0.2157714465888654
0.2152557458482292
0.21489244597505772
0.21694061167967862
0.21374725902906053
0.21362455405218228
0.21272582963368888
0.21050500329566732
0.21273899801325055
0.21382940001655737
0.212963875437166
0.2100076340294224
0.2102594586888477
0.2077301246361762
0.20677557562132443
0.20908911456738477
0.20921641690273174
0.2066614739419848
0.20598874746376172
0.20737265605161442
0.20439202675257903
0.20689767787112523
0.20361333650094426
0.2054208436089315
0.2040971010506755
0.20310489375846105
0.2038525576925703
0.20186890547260145
0.20241555599408503
0.20238350661077714
0.19980131161309156
0.20109539667596105
0.19960773191866232
0.19729146933626443
0.19693322966585952
0.19837202059751816
0.1973708379573177
0.19388666335835503
0.19723553450842704
0.19379420030732944
0.19849574815075982
0.19222690998117786
0.19377677594595766
0.19290025290708182
0.1922102822896219
0.19321340064343195
0.19464162543255734
0.19179847982780188
0.19072275987560602
0.19008434995417758
0.19015786101380133
0.18776670279525826
0.18999659280293565
0.18688952881963763
0.18614962868944995
0.18461220583536395
0.1859760390700992
0.18702374381687367
0.18813916061570993
0.18381544291502339
0.1848165512739997
0.18374228568717293
0.1833169446068126
0.18012164885462753
0.18285059758302535
0.18094109194411664
0.18112792673241757
0.182418087127176
0.18172426852497464
0.17826358601723943
0.17841169783096653
0.17316516631043224
0.17596653084588534
0.17400554203504667
0.17671375642071002
0.17596856435947375
0.17686684261815733
0.17418866790957505
0.17351835672780305
0.175614754959212
0.17152242323911782
0.17537501079845066
0.17162203078080088
0.17280320727649576
0.17162116110227546
0.17025573657280427
0.17018453178971832
0.16633569677457644
0.16582563939626138
0.16859162520307513
0.16552197173982724
0.16551619732708428
0.16880636799764878
0.16697698225998914
0.16292972359072147
0.16496484896813207
0.16282578893968266
0.16385744641779068
0.16278412326432234
0.16258531965462597
0.16055654374282508
0.16204619129485326
0.1588147530017972
0.15760690788373102
0.16012497267253387
0.15444769284288581
0.1581523415076307
0.15875343221657384
0.1549478699501057
0.1537481689629983
0.15402566955654862
0.15537327250957908
0.15297227373182273
0.15165722305513957
0.1540268147964804
0.15101915568099622
0.14884140147021171
0.14815748173984772
0.15152934999144882
0.15200762888242164
0.1475923445309807
0.14927484262235116
0.14587471807454216
0.14518269369735748
0.14946605583924746
0.1439100375703416
0.1429777835580818
0.1456561781825258
0.1433714045190514
0.14334938692330965
0.14382544225651142
0.14430858983513734
0.14618678178475722
0.14329929937744684
0.14204666687739714
0.13595758821946968
0.1367453879929368
0.13899016248787338
0.13730357788935427
0.1369776486687144
0.13783692860574456
0.1355044246869418
0.13548471055706426
0.13537361448826452
0.1341626798403415
0.13694696741221504
0.13301683060246236
0.1319196997830239
0.13272633214633087
0.12941821181753563
0.1337444502326807
0.12962161607745254
0.1310928587032994
0.13188758177115265
0.12780512801470972
0.1299754906914813
0.1272698346253905
0.12296825160143296
0.1271610067905409
0.12232488051388997
0.1227434379845128
0.12236468880642802
0.12400197436811748
0.1208757811504196
0.12137986729474061
0.1185706521031373
0.12061007198398165
0.1229354743671541
0.12051573451692173
0.11799572838472176
0.11830101830736561
0.11792948585700246
0.117453678088484
0.11760019702406897
0.11717943212218837
0.11425492209350065
0.11444001541752477
0.11038342577052475
0.11436920163527431
0.10972032895931322
0.1121137494837614
0.10986124619265963
0.10959312794705549
0.10754186696771699
0.1124601409729716
0.10789325306081038
0.10759041787948437
0.10716692281345806
0.1073984945911354
0.10540990246055265
0.10676936555326105
