0.40981362670666116
0.4089806207495706
0.4086515500218509
0.40556055548838
0.3646598609514345
0.35194899260901297
0.34697968196010026
0.3359746057216271
0.31854231453181475
0.3036036779337669
0.2936794135926468
0.29041403113273134
0.28833628565912084
0.2763239880798994
0.2697333675414681
0.26974186416263507
0.2676088038742817
0.26674627113813665
0.2647685737842215
0.2563319220397115
0.25616755448982986
0.250037223904586
0.2460913087706264
0.24273112024851326
0.24002062707732807
0.23848396049773082
0.23564071109427845
0.23116226101992834
0.23073578511831822
0.23098558083603046
0.22577924887136708
0.2220228486761984
0.21913173995987495
0.21792636413202343
0.218071289449982
0.21459240396822232
0.21087653594400751
0.20785153343009868
0.2049013968864629
0.2018715854266016
0.20145899704348477
0.19912160482973504
0.1930025834915393
0.19265170715536326
0.1891060818487879
0.18827260713225663
0.18400312140836592
0.17914481223762893
0.17564208355963012
0.17183143469891493
0.16727105642096
0.16381289825850778
0.16492130954388137
0.16114423916066287
0.16207377606764908
0.15661303950300615
0.15354808457158156
0.1506892438402248
0.1472103058887678
0.14669840403077553
0.14343792164000993
0.14331203569631068
0.1385973890825682
0.13456442723242645
0.1322896374929154
0.1250652544108704
0.12847027017383053
0.12312838366346841
0.12335340980483461
0.11963532931363606
0.11671512267049156
0.11444206171485939
0.1139427200521629
0.11088007411740029
0.10857317589650892
0.10699115269119647
0.10555157112430952
0.10009608596879045
0.10200601186750495
0.10108571555125437
0.0993301144818756
0.09553790691411077
0.09784807805064355
0.09441431916411663
0.08775465296495075
0.08915595129527738
0.0879075267954891
0.08545321888806846
0.08515201341760621
0.08539036323737877
0.08438853322305152
0.08101266048238955
0.07606139124896093
0.07653674576842794
0.07401701466638128
