0.4099555401226097
0.4099553374075825
0.4099183462031579
0.40988101101368984
0.40921175337962934
0.40830415940896686
0.40479584037246397
0.40015574709120866
0.3932473243959549
0.38060309902404704
0.37623901227380596
0.3528915416725278
0.33336550497769274
0.33270656640549434
0.3299409697987014
0.32728437255657317
0.310888182927873
0.3039921067047148
0.30053015265251726
0.2986881425977149
0.2932910586423764
0.28607583868926567
0.28372353541045126
0.27376127489043794
0.26986703708226384
0.2539757630612131
0.25011364921130413
0.24904524238454265
0.24871940114955218
0.24589754577128184
0.24504481790377136
0.24286579020788246
0.23790171584834782
0.2312532502134327
0.22897516627279654
0.22877880252148083
0.22818258124511798
0.22570868162846966
0.2234814559810077
0.21919148141682696
0.21646035300043381
0.21509316954043456
0.21641485056304896
0.21257113266824917
0.2125740899005849
0.2115948143228012
0.2035657782638247
0.20094774109644573
0.19733951506203556
0.19460277040208288
0.1908695962256264
0.18616580538247673
0.18609596397777944
0.18315603847961934
0.17979660932511876
0.17753348075002
0.17994484468936392
0.17551401641383865
0.17695270054772658
0.17070418080507105
0.17251466913187377
0.16380330614275154
0.1671906825169153
0.16449139118992953
0.16534557638549593
0.16214444813202744
0.16024348206710143
0.1572845306291112
0.15907090650180983
0.15172349987765527
0.15212854614673568
0.14969407330822598
0.14649762695681587
0.14617877568017584
0.14466303002911973
0.1444739526647177
0.1435277039047167
0.1438823310148113
0.1396048106767332
0.13802079863563446
0.13209148257768952
0.1291197783528319
0.1286660656000049
0.12994890766384243
0.12696405227493698
0.1271409283847728
0.12077488530281241
0.11759764190310164
0.11701123536513656
0.11601353983669739
0.1165862895760796
0.11189567218222025
0.10879544384761186
0.10821051000325495
0.10984726269919266
0.10678253828694034
0.10176166129879809
0.10240295811791933
0.10263451178503348
0.10299832491550395
0.09573332760768422
0.09771045494799649
0.0941348935075588
0.0913803531290381
0.08849530770079495
0.09108097056178062
0.08960863643842283
0.09341592269272717
0.0853183857659374
0.08319662125036675
0.08483562289719475
