0.41093383862007354
0.4109171687301586
0.41076647221523116
0.41072725843810415
0.4106269668116482
0.41008162539166637
0.4008314006340081
0.3971101828250296
0.37398743518771876
0.3715057982751939
0.36778869922817503
0.3648541600429552
0.36084214396365993
0.35686915614544207
0.3478933643002628
0.332450917064928
0.3231228051782471
0.29862773085380295
0.28435187834275183
0.2775266572473646
0.2671127239340856
0.2591316472979523
0.2542093710136277
0.25228084062093775
0.24915530179789683
0.2485878621097299
0.24701290094956188
0.24080859214443726
0.23863021972546158
0.23737016885162723
0.23314294586001388
0.23274965442570575
0.22952051286316894
0.2264013478946053
0.22518742728811833
0.22388894209738888
0.21952028334074977
0.21853647194409054
0.21823441334363494
0.21348340661151186
0.21450280366372407
0.20206003333379421
0.20447591874587392
0.1996493826566981
0.19948693288398545
0.19722172550060094
0.19555547193266484
0.190607691000985
0.18894799276743926
0.1916530963718169
0.18603841639381283
0.1827973177450219
0.18050141322099925
0.17996943122335907
0.17901852709860683
0.17432802327322308
0.17349549583757992
0.16915620994080646
0.17014217267129414
0.1651254763381293
0.16375814907298197
0.15710398789976418
0.15803833110585988
0.15242988162298193
0.1545398985426816
0.14545608237833688
0.14063238202468817
0.13583135466120733
0.13620148686446742
0.1348086993889812
0.13357591747460965
0.13365300878910602
0.12835591179488934
0.12765086128955686
0.11774918811163784
0.11898251098672989
0.11529196149466116
0.11342549175176299
0.10769882166567428
0.11361099866059621
0.10700259950374492
0.10481105699534124
0.10646654314507355
0.09826825100740968
0.09829613261441845
0.09969527697473302
0.10012373219801371
0.10176732350436062
0.09775404769905655
0.09454015624015802
0.09139024543707
0.09263447422782921
0.08628291104191067
0.08355284915061462
