0.40085271284965085
0.3969541278755715
0.38895231813092557
0.38003362992454687
0.37132615780044814
0.3607040663415929
0.3496778962050577
0.3455758975935963
0.3446252669038354
0.3428317384188888
0.33757454454173935
0.335496214622917
0.33383732868904226
0.32873382208808993
0.3256867290781523
0.3270031591346303
0.32253224131816594
0.3211394006606971
0.3210003141286714
0.31732247913178147
0.3154046088242404
0.3134761800378856
0.31096009027785787
0.3078451882656686
0.3102658145735464
0.3074117515106737
0.3064693554543109
0.3039212076710879
0.3028554244280075
0.2985247691977061
0.3009333458339888
0.29726376719726555
0.29565648630553826
0.2933909504963687
0.29221258209451434
0.2915050166955786
0.2921722592556045
0.28981704694184285
0.28903995125546983
0.28740663601419386
0.28542413503044534
0.28566550765771975
0.2829535614107649
0.282761188530322
0.28111380055385116
0.2808532707570702
0.2773887723230792
0.278075975707493
0.2776354877279548
0.2748996857408681
0.2713963717631901
0.2721167127291112
0.2705283176322333
0.27086714905953513
0.2688255851651863
0.26840184737151906
0.2668084407939008
0.2652803972214635
0.2641990240936388
0.26484111495487117
0.26195090683026484
0.2633498053822062
0.259746653232428
0.2604456675578906
0.25993971522281345
0.2595936000696933
0.25622541703327606
0.2552814941652916
0.2544414812884366
0.25306790768083676
0.25126264238637436
0.25006328970425734
0.2493066382011072
0.24941228713598684
0.25043864466815585
0.24665415685206948
0.24712948163586684
0.2465346690099922
0.24293086993088778
0.24219448469638258
0.24359697205700379
0.24383238724765144
0.24021758039002594
0.24141014972291625
0.23748720440238114
0.23764523968976745
0.2373659638044983
0.23448616782300252
0.2348591001520113
0.23328909026357772
0.23214387551341387
0.23347939357182318
0.2321158824318516
0.23198217180102146
0.22992039010862597
0.22957387395539822
0.22994464092986577
0.22982906408060616
0.22853762571649788
0.22660834407924352
0.22717639166198916
0.22680981242321477
0.22496036762675659
0.22502849408408046
0.22252966151296646
0.22331484075976657
0.2221298098902577
0.2207940403262813
0.218319035721445
0.21777439863380463
0.21901215854732467
0.21717353213287804
0.21829365780682472
0.21796798420632502
0.21586123907340862
0.21679719138017636
0.2145251460105599
0.21385273093528484
0.21367924648857164
0.2126703932943828
0.2120747662577199
0.20964346473039858
0.21122896566399862
0.21228841048754957
0.20896223117131252
0.21048160589893158
0.20833995794505492
0.20702321085661257
0.20871507216890295
0.20755431467821298
0.20656745475108693
0.20696721501360232
0.2056009429232407
0.2029556645104087
0.2042329878482332
0.20300994252842455
0.20378219422728616
0.20191149261984126
0.20090756154656242
0.19912192820021735
0.20056351327636854
0.19984560947066105
0.19996136130910613
0.19772494306895094
0.19691860146159498
0.1969316172016595
0.19614385450256253
0.19667780757204512
0.1940580150549408
0.1934089337371704
0.19231443930095335
0.19276351371586586
0.190868837421476
0.19328092967237911
0.19124700088643895
0.18992907498215536
0.18768617097192
0.1911475163681111
0.1870494003859059
0.1864640203646418
0.18627256954420293
0.18372163164236166
0.18541345072160026
0.18704640785814833
0.18553003539949875
0.1826545342662985
0.18428412522753965
0.1808647141510471
0.18356892063124708
0.1812480033391964
0.1783379454719664
0.17775608048590083
0.1778835766519887
0.17738249746747395
0.17696329323105056
0.17769544247023644
0.17456608449530753
0.17585258466541898
0.17501275504781663
0.17488457141373376
0.17518290753881038
0.1731300618307053
0.17253492045753338
0.17145559985378014
0.17225561401274367
0.17060991451939475
0.1725983072068462
0.16889961482846608
0.16689202354004423
0.16731411709755595
0.16909616031650582
0.16573639360650635
0.1649628221854915
0.1651060441780697
0.16601168233219785
0.16424053924209356
0.1659406211756771
0.16003666341463318
0.16011607631246846
0.1616948775827848
0.1592760575809737
0.15996081835913323
0.15688809609978574
0.15589631281904354
0.15493566107482987
0.1561221371400958
0.15701296308276158
0.15546156217058046
0.1527911953884988
0.15251313889243398
0.15379339849719942
0.15236832175676682
0.15281960296619593
0.14856875854659313
0.14789845093762616
0.14772510851078147
0.14519933243878103
0.14595809417719563
0.14656065568187984
0.14439353206819652
0.1440332938234216
0.14289623015395606
0.14130343107508098
0.14130903553728588
0.13963034558699583
0.14081504761549274
0.14001563152010787
0.13746369803666977
0.13870382892581387
0.1375013777819557
0.13344172348416158
0.13668544946072594
0.13435770697810606
0.13537769741264144
0.1321922324089084
0.13141337440179926
0.13229394113686277
0.13069476118661819
0.12885075744840455
0.1273724317649418
0.12884208501186592
0.12755790457610564
0.12568797419747338
0.1243859831478369
0.12388374988473116
0.12342690707298637
0.12199172760644447
0.12299900994292093
0.12076069601350634
0.12045693596041761
0.11802358203645669
0.1191163013028412
0.117875615518836
0.11808609603673033
0.1184233712871795
0.11696645478868112
0.11461567107917181
0.11228222405782075
0.11492208286589732
0.10966763529428794
0.113776065698501
0.10977514577372534
0.110601657447701
0.1107743532332877
0.11131051432291901
0.1099171934533572
0.10568503334467735
0.10782048550129268
0.10484370601202583
0.10311099117056627
0.10225756443306432
0.10264274785843593
0.10297969715660442
0.09943267031066853
0.10215125200057552
0.09914927930280823
0.09857865359956554
0.09817929393084313
0.09800530302400484
0.09406153930890945
0.09818057791854788
0.09374505605235942
0.09465666579124538
0.09400490505378677
0.09231735375904151
0.09252113070895356
0.09023700079159196
0.09090498454506508
0.08963966987032128
0.09037520659290166
0.08882487474422703
0.08720421650626543
0.08693987967923122
0.08578099748471699
0.08722047156132498
0.08627191407183803
0.08557997287647172
0.08241603107007202
0.08188805588344049
0.07984152997267058
0.08114284521238964
0.07944628859657565
0.07943796710781972
0.07927243008852991
0.07619738999823819
0.07860521295257804
0.07609321954652058
0.07934526404950255
0.07282073854145124
0.07311331689194575
0.07462781568472333
0.07287947323230246
0.0738513797213898
0.06918536143675703
0.07199873174082277
0.0753873677554619
0.06951822096879376
0.06955898364610165
0.06944818036533393
0.07005238722341374
0.06836827758931019
0.06718612313185739
0.06839081346219306
0.0672231395748869
0.062132879684418864
0.06388799660857554
0.06442453546610732
