0.4081709075408876
0.408132131164946
0.4080807251165241
0.40800423209093384
0.4079582188698696
0.4078550722757218
0.40778720100233756
0.4076001796344036
0.4072923411082189
0.4069791590312344
0.4059050021635114
0.4044697329096969
0.4003217937260594
0.3838837740602193
0.37720824309997225
0.3724865869802445
0.36937574568078474
0.3645089036580775
0.3591046333621466
0.35141899031836904
0.3435090653059652
0.3408173877071885
0.3339452509023997
0.3270673469840808
0.32117727735251755
0.31335474539928015
0.3042715356659694
0.29663237871654535
0.29484479142726344
0.28983006069197514
0.28725259200154385
0.285851922067549
0.2801912811669492
0.2789237578030829
0.27633201199637236
0.27439274910953465
0.2697452370365606
0.26926205917192303
0.2669937519615817
0.2656103621454157
0.26229661132454263
0.26016454133564604
0.2567287978327548
0.2557613573403299
0.25133804855739716
0.24847283705161688
0.24759341279071284
0.24424670235464072
0.24113455099683603
0.2402339080246376
0.23760901458270062
0.23698431063795922
0.2329037092255336
0.23133866295076844
0.2269200604318383
0.22566843376764809
0.2246259495954574
0.22137315163346236
0.22021214830221217
0.21910583374858322
0.21970618564322328
0.2135012914228745
0.21394837669710645
0.21151741033669677
0.20709119493149308
0.20524481245304657
0.2076713995541449
0.20311173359587806
0.2035151987017971
0.20089514028652478
0.19825758224813295
0.19865390738434316
0.19619250639279812
0.19357811371927597
0.19053469442670792
0.18728321483638832
0.1858578437783066
0.18578435257607342
0.18335084397348517
0.18361826528764214
0.17933719287787378
0.1790824447678772
0.17465676101828323
0.17250610572363456
0.17128665262994566
0.17237411511790965
0.1693582274749664
0.16671122393832152
0.16711839454370794
0.1612276132952164
0.15950938555616576
0.15882065616809568
0.15761355067144361
0.1549827152958828
0.15198823808338174
0.14691815862607116
0.14900482017219915
0.14659023338468502
0.142488862051183
0.14257450021503112
0.13998018315642916
0.1372568563170327
0.13625781112666188
0.13505267975512023
0.1325594803834914
0.13114066657302964
0.1246665993657431
0.12678838883463983
0.12318283123266327
0.12536028944336128
0.1201812634363024
0.11890926358940798
0.11712897113319895
0.11471741598744256
0.11289378934845845
0.11349044539831192
0.10894429111769188
0.10457216291757827
0.10628839192004456
0.10499650376597469
0.10008324723127159
0.10073494180799884
0.10201709512110368
0.09682749869668812
0.09412425694313548
0.09337995568973997
0.09383859054035215
0.09190530356926788
0.09163174552974858
0.08773022778093514
0.08964319478603304
0.08887951908422446
0.08559771583101573
0.08020960726566077
0.08043100776203649
0.08368088451115398
0.08217649956017521
0.08035426237179208
0.07398830516785262
0.07450477249700617
0.07347807493234125
0.07662436508549383
0.07338715652001682
0.0664328624827159
0.06679178146966558
0.06649288739669239
0.06949992123947281
0.06668864247225695
0.06768357212594596
0.06531913634350905
0.06474245737013753
0.06880474773599303
0.05807983529688813
0.060997357094147456
0.06223369092055313
0.06041526601315392
0.05846674292581109
0.06341419200852623
0.057002796156867125
0.05253866384240157
0.05709481141239093
0.052524332557836374
0.051731615801581206
0.05449619075231349
0.0490029212421238
0.054708696842628385
0.04904823195858413
0.0507617444432351
0.05100532332883486
0.05076837815970984
0.0459737188329055
0.047758361931866805
0.04707431355600054
0.046808758492239345
0.045218396952227964
0.043272392169181294
0.04356669076259219
0.04290151600861709
0.04438705848434134
0.042743763642048835
0.042630741754859744
