0.4140561862328471
0.41401865585796505
0.4140700693165575
0.4140358634148068
0.41406344901613146
0.41405692090459384
0.4140262583336753
0.414023878204206
0.41403061608788627
0.4140172838892636
0.41403789785419565
0.41400364651598315
0.4140283056339389
0.4140074453149061
0.41399085025817073
0.41401315577087383
0.41402481176110717
0.4140602617019127
0.41399391028433286
0.4140202013408416
0.4139707925890539
0.4139606390131
0.4139989555746539
0.4139887070458071
0.413942383988944
0.4139737835979055
0.4139282928151786
0.41393925322251596
0.41391930583262143
0.413909208381795
0.4139052134153054
0.4139199521054611
0.41389558184499003
0.41391333789122975
0.4138990269794585
0.4138789766752267
0.4138343241877421
0.41385514206910745
0.41387509890512975
0.4138313835768414
0.41382029872429665
0.41380552990363206
0.41378067513796357
0.4137959695620402
0.4137207853703605
0.4137345790725847
0.41374290662213714
0.413750600754278
0.41364312975491535
0.4136455719669178
0.41358592132485067
0.41362548891916023
0.41356246712184697
0.4134704402663261
0.4134350389477034
0.4134582579843586
0.4134087822746901
0.413358539143441
0.41330888471550076
0.4131462275123995
0.4131391579643099
0.4130876462386146
0.412936803517512
0.4128170143316951
0.41271299994398936
0.41265661100817613
0.41265894436572487
0.41228485021452416
0.4122619515031242
0.4120087464522401
0.41156891461936834
0.41132219264074393
0.4108905723751121
0.4102201031653309
0.40977620208139504
0.4081159876094603
0.4068689461961523
0.4053056447474802
0.4025344181612298
0.39932773566257224
0.3944278413980345
0.3917900262464182
0.38845217235626184
0.38927844307497533
0.38902660192958344
0.3882501369657487
0.38585775789411714
0.3856319028030916
0.3842672204694012
0.38338099277268184
0.38310182739577564
0.38120687852791774
0.3812387835904183
0.3794352399449914
0.3800055743179775
0.3780692245285632
0.37450257550747607
0.3749018919740008
0.37235480361173895
0.37232336845223135
0.37053793649900946
0.36734960182998655
0.36682291961561136
0.3620012763157296
0.36126308771042454
0.35881580283974857
0.35691671398787284
0.35479785502504546
0.351263627838685
0.3493262024114053
0.3485634360977204
0.34691132819010534
0.3453382949639885
0.3453976166483493
0.3448480365466169
0.3419008469263965
0.33957897805157905
0.3371460949294481
0.3371403096190562
0.3365020821058913
0.333503297786574
0.3332256272791606
0.3317965722008194
0.33034188098865125
0.3289638460750237
0.32736523552985203
0.3268609194358912
0.3259151306635422
0.3246156655442613
0.3225922457824806
0.3223360459197747
0.3203606100623895
0.3186076134014848
0.3187201162043863
0.3172948069161879
0.31586208797065907
0.3148813153552462
0.3136610206504759
0.31180332650702974
0.3121638848128114
0.31176189051268727
0.3114397378543008
0.30865036650094935
0.30776741858311923
0.30776616897960185
0.30553413580868355
0.3061597691449296
0.30294912529952456
0.3029951654903239
0.3032307206392599
0.3004813691092888
0.3017108840143191
0.3027572069358229
0.2993671263273756
0.3003565803730085
0.2955152564545691
0.2988409850164478
0.29781479173671765
0.2963489416878374
0.29663199779771254
0.2941588746346546
0.29619443589287797
0.29427907377543205
0.29258814709601977
0.29096724029395415
0.2916977768065159
0.2909794374850544
0.2921102304241237
0.28859742484756246
0.2898706955679383
0.28963231433259073
0.2889032410328484
0.28817032363132616
0.2870523949081187
0.28857438474262265
0.28533891440197195
0.28601991654274617
0.28505969000136944
0.28663538790888976
0.2864375642080356
0.2858189508719044
0.2839763866983994
0.2853166697186413
0.28359253932982964
0.28369755182817485
0.28206773141155
0.2822252075926043
0.2816833328192157
0.27835546046509646
0.2807419789746724
0.28120881258175573
0.2782092315458631
0.2789849442750432
0.28000486647835254
0.27979507420854643
0.27813469747547753
0.27706230160534884
0.27695211228863575
0.27635909211891624
0.27825794038811347
0.27821312238276774
0.276721181585234
0.2739637210836498
0.2744706110960828
0.2747482652469872
0.2725705141337384
0.2741303378694383
0.2707008018687649
0.2744386586025885
0.27384175725671545
0.2698438644558024
0.271320853700222
0.27139979698167077
0.2714771038773066
0.2688277500741853
0.27016675160664727
0.26812129762412246
0.26782171150621376
0.2684789761002985
0.270106430006846
0.2676818391267111
0.2686563655526958
0.2684216669615258
0.26691961251384966
0.26623895985327084
0.26538416056177194
0.2654754569680952
0.2629173560581947
0.2643005563873239
0.2642534012743534
0.2640762554331975
0.2631909257088427
0.2633636905271823
0.2625170711136005
0.26352311577076404
0.2623113598268454
0.262060793253288
0.2609722024891552
0.2580173864641758
0.2601758272539261
0.2613311325146661
0.2582041418988033
0.2595338455796208
0.2576443207711036
0.25859473723658233
0.2574326778904332
0.25586517934436037
0.25407675196462426
0.2582196087285674
0.25544806507197126
0.2555246428970318
0.25385192957428887
0.25291886519855716
0.25431812093491873
0.25597552655475747
0.25619456890185655
0.2546559575484392
0.2520059101927046
0.2507976666407281
0.2542465865171809
0.2507543861891117
0.2520997331474234
0.2521814732209948
0.25042751542115077
0.24964844401348754
0.2508410499433315
0.24736141825002195
0.2496753827642534
0.24865133990766733
0.24805987927544518
0.24983051632852268
0.2481708893264883
0.24683544872238214
0.24772209594853026
0.24873262098399773
0.24844962285449793
0.24545234626590628
0.2452947623792789
0.2436292633202885
0.24613220140879158
0.24405770580048794
0.24495763571728338
0.24569769469549435
0.24672243739402627
0.2447855188469697
0.24430976796607748
0.24337175979286943
0.24472761641356802
0.24195275470133015
0.24154432691271524
0.24224216977791982
0.24201454651985804
0.2431659110705252
0.23957306713038645
0.24009092449400296
0.24021677443474265
0.2386153535614491
0.23942818974231472
0.23820316305633615
0.23531115399010083
0.24038164215056
0.23774421735203963
0.23909850649576997
0.23969346720209633
0.23881434028233525
0.2369577589972234
0.23743694236774376
0.2354330199060529
0.23478863838373257
0.2344117004605951
0.2382103344701457
0.23430381240036346
0.23523342833225705
0.23276774838445558
0.2317655630853988
0.23074273857693187
0.23232789187451947
0.2320071709312625
0.23134907280566408
0.23046574123453667
0.23154000476150494
0.23073204768853958
0.23020331556649348
0.2298093959284167
0.228927178767751
0.23033421362309986
0.22885516152226967
0.228554080939413
0.227930006751273
0.2274471826189151
0.22683529293327148
0.22539827548625857
0.225846200187989
0.2266986454938524
0.2289616254464342
0.22686855883959736
0.22825359713454269
0.2241444261107437
0.2221749267597363
0.2218805942766913
0.2238223537606666
0.22186855915889583
0.22225650457070653
0.22502995044073806
0.22356912785044997
0.22474567088582934
0.22065038018967073
0.22109465433506506
0.22021215877081407
0.2200949173126183
0.22096687393177336
0.2182749157718269
0.2177501909726851
0.2196195773878113
0.21683226459348345
0.2148705976715133
0.21870265324977992
0.21422382378062693
0.2156368779663851
0.21442899344059546
0.21578861123689363
0.21671672071412398
0.21525260310357283
0.21395450601121135
0.21454293768983546
0.21296139780749546
0.21241918779002622
0.21324390700906184
0.20952510719646963
0.2097318880026942
0.2094329098861623
0.20939137024535404
0.20996667455303475
0.2108880439430534
0.2100781282710798
0.20868976889510538
0.20942067265674422
0.2072683406390363
0.2070223774971132
0.20676672303489876
0.21098925285324124
0.20729239474296046
0.20286269556366424
0.20209108039286877
0.20511702735367776
0.2043392035667636
0.20487376091059392
0.20211817142266728
0.2012943243012541
0.2047418339769077
0.20254296798228275
0.19795234680478058
0.20234675817877032
0.19831313703295975
0.20144579141474517
0.20031177067805309
0.19618869377644507
0.19742485720826114
0.1939557417510322
0.1965585277445987
0.19338066868786058
0.19596875034082917
0.19187485942116
0.19453791952835062
0.19512914189670608
0.19346816002086478
0.19398944981910488
0.19618697884933456
0.19235998231432186
0.19479929664467877
0.19175840474666006
0.19165009285406664
0.19365616440426317
0.1882654617306602
0.18775096886407908
0.1909410181109733
0.19175183241463561
0.186392218970364
0.18996382265265863
0.1885174434932847
0.18804569461275625
0.18907172769942196
0.18553700550276123
0.18506399272263885
0.18349963540253325
0.18259587869303492
0.18390866034129547
0.1817966071090893
0.18237534795072027
0.1817423782514453
0.18020332359470134
0.18101558821417035
0.1836887466455887
0.1785569520810401
0.17726511117702218
0.17964851516285538
0.17834361301922252
0.17892170407053243
0.17651004341685111
0.1741580698600284
0.17810631020780562
0.1770000113913212
0.17735490030752352
0.17594278564829355
0.1759378259597231
0.17503377110944388
0.17339385422219664
0.17234533302330995
0.16477207470096447
0.17022287657971968
0.1672241673005149
0.17082212437438266
0.16776222958204168
0.16971919907360086
0.1681628131494822
0.1721362305699721
0.1654898625650678
0.16481047905615132
0.1667264041343139
0.16679096189160186
0.16525576361158353
0.16462735516657584
0.16356871867219655
0.16324183904326042
0.1604295825041608
0.15931639837999234
0.16707840312559258
0.16049291070416438
0.15747936736886112
0.15578801825629604
0.16049093124475572
0.15515556288702448
0.15669996895648347
0.15893203384135898
0.15476105174575525
0.15569942714315207
0.1511992245940586
0.15686941943206384
0.15564743213012283
0.1565513420580129
0.14884150701113952
0.15218981168422782
0.14889122203201774
0.1486656996132924
0.14857819513039122
0.14567038560293058
0.149961789145089
0.14755104051939327
0.14581483713852614
0.14802786164148957
0.14457299912154548
0.14699163867203285
0.14543536800431353
0.1466913366512587
0.148299136274184
0.14143816616103091
0.13760674470306763
0.14271941991742482
0.13812036293902474
0.13802974421547284
