0.4101023376255762
0.4100111370024693
0.4095235861070273
0.40872802460010155
0.4077408969466625
0.4023271068856869
0.39677061642417455
0.3932940606797432
0.3721312542723431
0.35938765710853204
0.3554569007479732
0.3473285326152444
0.3459144881720156
0.3394432772607161
0.3287338774612556
0.3255884100354753
0.3227503932353299
0.3148654026991726
0.31362118722727583
0.3136866500118045
0.3086765033458628
0.2963185210592515
0.2751656756836705
0.2750356277848624
0.2732813957708823
0.27053602186168096
0.2697694728811123
0.2678753427527911
0.2645730281089168
0.25906402069726053
0.2594054032236189
0.2572921573546771
0.24971894591022417
0.24541828678716085
0.24468623876344786
0.2439047086647062
0.23071104007669815
0.22197362289053482
0.22294536369374712
0.20881377901116746
0.2093327519161311
0.20580658329605747
0.19932689338676143
0.19622140942490543
0.17906709641781707
0.1735157548479954
0.17249767433419827
0.1656159783293518
0.16363851005805535
0.1617872777103087
0.1541874448963497
0.1503680971287537
0.15126068959484906
0.14734587661676882
0.140131930842691
0.14192074315786768
0.13884525522484015
0.1341298126704256
0.13307343439547512
0.12928240483541018
0.13097950940182684
0.13004512373410484
0.12740663883376116
0.12550068251689228
0.12027965694134692
0.11736100384020297
0.1146259654786542
0.11455125279638667
0.11105749530181755
0.11166389454528153
0.10960316105734097
0.10455161882988843
0.10211121449810792
0.09749542947612241
0.09382249378057517
0.09709204311600128
0.09290839930145928
0.09080434264331609
0.09291130448415087
0.08913409112366943
0.08814025033579959
0.08366709727868085
0.08487423883712251
0.08004835708701157
0.08012572821879059
0.07931165421720399
0.07904459760732939
0.07807040285542001
0.07496485111759349
0.07650324962364613
0.06983649574104311
0.0703492825711585
0.07079235954039664
0.061359909920112914
