0.3994066731555325
0.3775923103668597
0.3518087197215587
0.346785818806453
0.3372689042105778
0.3289936013993941
0.3202843092073601
0.3120399805780932
0.3091211213835108
0.3065010169612144
0.3071710455707069
0.3023540797579992
0.3021427633574256
0.2969991529265561
0.2962111526905599
0.2910241065520882
0.2877664437036019
0.28713988744719005
0.28282513925790137
0.2818529311386049
0.2800069487881374
0.2778484933889991
0.27918044995886376
0.2737541876973722
0.2712852933445128
0.2696036851799608
0.2687757200659104
0.2631763655636183
0.2650810816209784
0.2609713473340006
0.255763148224395
0.255126568307966
0.2525149568315762
0.2516685639223126
0.24672585069654898
0.24580390540190888
0.24224126159727832
0.24136630016963395
0.2374638295271297
0.2357183314449144
0.23365430292143455
0.2325511076099931
0.23032861426252696
0.23157295322407478
0.22977426677644378
0.22837957846921408
0.22519430828632656
0.22442337556127623
0.22254294522124526
0.2207316556941358
0.22185609027223424
0.21792921740317234
0.21752385957207687
0.2163334563569251
0.21423804983871306
0.21266735958721494
0.21199972303777756
0.21063043733793416
0.21291955044399177
0.2077712275140535
0.20755676155646388
0.20654273708558513
0.2039441405380201
0.2030978585885029
0.2037887460060859
0.2001896340910029
0.20103157988507703
0.19969391003106757
0.19952572727860907
0.1985328217041008
0.19738161209934924
0.19789020544160252
0.19809132656074427
0.19423474559964204
0.19209893784752013
0.19138099769202424
0.1930445955349887
0.1897983839886562
0.188969861073653
0.18943078405185912
0.1900934145498585
0.19091912588898516
0.1873919761048135
0.1853450478850132
0.1864182429219625
0.184339928335454
0.18443473988643116
0.184174056321388
0.18478350333333673
0.17950137279819622
0.18290584652494835
0.1795858286040761
0.18050820677436885
0.17888327887692607
0.17886830755922262
0.17616363152060924
0.1747781197986762
0.17657553142512405
0.17467726654905685
0.17653759279830078
0.17229314481378838
0.17162886324763807
0.1744434811431539
0.172139301137457
0.16855299014416247
0.1682192754030924
0.16745719299352793
0.1685749850598002
0.1655800570086676
0.16424238995790347
0.16365700496759017
0.16840648604643751
0.16315640459308178
0.16445533248125987
0.16250904490103177
0.16169391165003072
0.16080193249210958
0.1612511158925759
0.15986670032201936
0.1590215057736804
0.15680691110039754
0.15928180630568967
0.158030341311575
0.15443304559895057
0.1562764274630885
0.1543728916178617
0.1511277832961662
0.1515677031290245
0.15092084974190254
0.1515963511202595
0.1478188757938495
0.1479380063452533
0.14488270814117118
0.14688938655784825
0.14552078656450318
0.14669834597153122
0.1426116782401935
0.14389366676270596
0.14422970389078435
0.13971265550629608
0.13653437959047063
0.13908518770275752
0.1419859419912384
0.13994555799368577
0.13707694121360994
0.14177283184767517
0.14303563248136136
0.14301023845550562
0.13532836088159872
0.13564701159777037
0.1341523699990908
0.1303776296636777
0.13271234585553196
0.13244469171190235
0.1310820896403925
0.13183989292335951
0.12536465514452666
0.12596208547108312
0.12780751136446805
0.12447552938801748
0.13035480178492964
0.13159785252981704
0.13347171554175707
0.12368513093283508
0.12176407105198811
0.12284244747896998
0.12049657602298448
0.12093646703931987
0.11964498083412066
0.11622412745619705
0.11997107642462529
0.11909568575731415
0.11836808146909489
0.11168365513266101
0.11496757069873804
0.11418112149161443
0.11442352154138126
0.11328462499815256
0.1158834556525614
0.11110729133308202
0.11053756036047607
0.10965050633174431
0.11995480804487602
0.11546566647007021
0.11415986244546379
0.11337770331427122
0.1080513459223341
0.10557230099479564
0.10664772205361214
0.10601334517284199
0.10374082514904977
0.10596656933291346
0.09981557267005775
0.1014973579622094
0.1024691949447349
0.09994458617907481
0.0996546278740117
0.09837771759051678
0.09871885969265302
0.09784851720745093
0.09645428807880284
0.09285229258488314
0.09388928235309857
0.0945820333872408
0.0947770903052096
0.08874606634469197
0.09153185636985943
