0.40975161051631387
0.40970766556448124
0.40961120293968184
0.4095301311287143
0.40946656038677576
0.4093217764732975
0.4091674766712492
0.40891230217632557
0.4084525582404446
0.4075827675382304
0.4064300986950404
0.4032014470187614
0.39573704341532
0.38570725683419343
0.3758358857879635
0.37127304401219424
0.36770273687868243
0.35981034251893806
0.35112825169443
0.34388619894606365
0.3403908204832845
0.33361001116182915
0.3284445523153276
0.32115887353481914
0.31691709175628735
0.31110130763856814
0.30611363200165886
0.3029487928876562
0.3013845266987192
0.2969188592894859
0.29506839390406586
0.29251390071285593
0.28932637362516533
0.28658718027840335
0.2852636327121429
0.28401911824830417
0.28204656260787325
0.278107500365379
0.27774701891484815
0.2731684845669939
0.26996696493397243
0.26887716034905795
0.26667176635746415
0.26453480939431484
0.26430597031473363
0.26163566317190873
0.2581084495688116
0.25425488184233785
0.2533078767675032
0.24890844936802003
0.24847802313753667
0.24604921374620256
0.24396027906736423
0.24067016200760982
0.23829103914115438
0.23612261703293094
0.23536696906110527
0.23503355781124863
0.23089386206986712
0.2308750639439245
0.22811257629080736
0.2267819269777273
0.2232282263847373
0.22191897940486927
0.2200218635206964
0.21849167172871595
0.21450897907830654
0.2148139926605295
0.21350434936665919
0.20768867562423607
0.20757144412842277
0.205733482715311
0.20544268993670448
0.19856195224359716
0.19943452060638678
0.19639529011098983
0.19601040153906904
0.19255938964737446
0.1904487842886547
0.1879245169405899
0.1865188685567064
0.18602521849107975
0.18032122813700732
0.1797212871150671
0.1789149585841321
0.1743707989364995
0.1736435529211207
0.1702538876724026
0.1692208616830992
0.16870541109505194
0.16666137572826692
0.16171080577659866
0.16364179137545476
0.16114812332164774
0.15798592303603537
0.15221650338009643
0.15644978846560226
0.15041770350833125
0.14917067934048311
0.14897041488117996
0.14782882685207235
0.14662798386644946
0.14615513738367522
0.1417746871024589
0.1438746119471496
0.13756190238420346
0.13442046727231263
0.1345292316965018
0.13159021899209863
0.13129927054772153
0.12786580519021779
0.12794164266343191
0.12629223495348543
0.12437170801684742
0.12537418736421135
0.12300643138666681
0.11958698531898439
0.11854533537525151
0.11553748960370386
0.11582434585133784
0.1098047011807364
0.11177704380598655
0.1103668893605399
0.10993402470246767
0.10770700195658814
0.10534587759698325
0.1034980497898766
0.10151095950224667
0.09778746110590396
0.10049021862898119
0.09854554401806973
0.09842401720958119
0.09926628217728681
0.09578622989197075
0.08852924465245773
0.09152517210292954
0.09012953515592528
0.08827195041646174
0.08464034817720355
0.08619365990615922
0.08600828797973106
0.08087633996133571
0.08282348002401771
0.08201499190325359
0.08059974584287244
0.07617173309987753
0.07347512755775752
0.07470661597195914
0.07588571400482089
0.07438661139150068
0.07060462139773124
0.07370269746130982
0.06907583394988243
0.07276178752764406
0.0676341757399278
0.0685305307342207
0.06324939114981618
0.0632629661773626
0.06057157608795697
0.06075536504002032
0.059731473899694076
0.05965755565748416
0.05763968341386718
0.05863102773963529
0.056301575568787274
0.056150188847219715
0.05590852382023838
0.05247878151506291
0.04870311946155057
0.052277560061455085
0.04814404266338568
0.05181171295992022
0.05597880424185189
0.04878651032982595
0.04983812442473844
0.04441388082427627
0.049471013996518966
0.04622286739348369
0.046358168469707924
