0.417138068321133
0.4170375337151084
0.4169145039658865
0.4162780741324668
0.37457424908535336
0.3580987449599326
0.35293817521236903
0.3484135237923832
0.3468439291975966
0.3176018265495826
0.3128292303560993
0.31226746365688934
0.30848209246788066
0.3036795942930947
0.3009272371180683
0.29855976110572924
0.29254304161343014
0.29041471967937765
0.2849946876644106
0.28288195685147544
0.2794605103607315
0.27788546884667925
0.2696243790213044
0.26715565158472926
0.2636270293835062
0.2618139262136739
0.26307184162244446
0.26157404464696554
0.2576574102053136
0.2543394780243928
0.250682634380563
0.2534643653054275
0.2490172601423489
0.23881524452409478
0.23627015462999398
0.23361471764843464
0.2307615359112164
0.22710992394473414
0.22724622383558116
0.2238311467319658
0.2231811106811314
0.22028481666302124
0.2203730424303513
0.21289384594796332
0.2128903809462126
0.206873817747878
0.2040522608699486
0.20238198051100428
0.19933018033726455
0.19489746367038083
0.19311959314983554
0.19255547483009017
0.1862956670318324
0.18399480349222921
0.1838012300462396
0.18180277186270039
0.17657156363041598
0.17756018450784
0.17438679580032768
0.17439632450527967
0.1695451663458372
0.16706865821343178
0.16393284533816896
0.16237886720572556
0.16308606007270776
0.16085761213634553
0.15637150288832324
0.15082192217311943
0.15238966902526718
0.15249019874388267
0.14646364988329733
0.14404131102302606
0.14104974689053879
0.1376291380690059
0.14166748225293152
0.13097404343513086
0.13432969768204117
0.12814627319838148
0.1290074437231282
0.1282513768907018
0.12157551562416344
0.12492462875268127
0.12226809646792945
0.12370114709107416
0.12451722080810271
0.12226012944712154
0.11464154714986319
0.11911426513013491
0.1110422438195879
0.11182502435474906
0.11142334574731494
0.11219868261896998
0.10926428448296174
0.10692929877874136
0.10420018589239297
0.10086694302353888
0.09631987969849395
0.09358774437501036
0.09291051370608443
0.09637281632339144
0.0981102579419037
0.0925276907806598
0.09215450732735425
0.09141544024257944
0.09002577938011846
0.08797349264109826
0.08344420508792876
0.09096866784905157
0.08602432329778716
0.08192459549625362
