0.4089752889966952
0.4088974467603
0.4088499577727643
0.4082940540309998
0.40489428931334437
0.3967711161308799
0.3924098959816314
0.37820509137790675
0.34806974911802596
0.34447327410590756
0.34418883606076633
0.32619446622973136
0.2957167819798655
0.2920424718738944
0.2827842138115649
0.28004921507834857
0.2695150359540595
0.26714266131193143
0.26156638320689285
0.2594189303970224
0.2563749048390742
0.25278442151841823
0.24429796737722187
0.24441666451272964
0.2369728816316456
0.23599366922286857
0.23366524408686504
0.23186588549341966
0.23262663385602247
0.21985087498283273
0.21576396040010537
0.21243345664194982
0.2076476690957535
0.20247113447592582
0.19015331353607365
0.1885554167445818
0.18767707524700858
0.18573615048321146
0.1782792728905231
0.17799236336384439
0.1757219113130067
0.17483192031911612
0.1706988671528728
0.16843589119816177
0.1693931514179694
0.16139943863800227
0.1600088081775547
0.15337022986807144
0.1501047984756584
0.15132721847441882
0.14827926135249964
0.14582103145751554
0.1436766349922871
0.1396883753258196
0.13248661395935507
0.13660005100718636
0.13480240917032246
0.12719659334059344
0.13271170227142262
0.12538725928147393
0.11897038915052618
0.12381406316588031
0.1207121326117534
0.11607117122396722
0.11549846483903625
0.11398159717810619
0.11104453893131756
0.11124792940884552
0.11494854728185254
0.10619840978028411
0.10229261674832678
0.10476477191526389
0.10811912676543704
0.1021440951202429
0.10199943202876376
0.10555623068320397
0.09741320998706107
0.0975172896130417
0.09654198836447742
0.0970258335626521
0.09115245830016248
0.09356782852063704
0.08873672826544789
0.08429420479554867
