0.4173029244678781
0.41729772442890317
0.4172358068644979
0.4171728805417262
0.4170572845249468
0.4168052075198562
0.41593467328384176
0.4124814370081592
0.40639056912655996
0.39863493377316284
0.38340315139064834
0.3712339623115715
0.36646877809513967
0.35723889963600003
0.34603069039069045
0.33053061833044123
0.32774597152139245
0.32262064101888144
0.3156910900192877
0.28913139555037365
0.28759274242768845
0.2840721389290428
0.28189644345941745
0.2798990736863922
0.26777633120899347
0.2635399527446734
0.26224052972415934
0.24733905389783992
0.24305857218165064
0.2435027358963685
0.2330813635480295
0.22884400125442195
0.2227610271104059
0.22322362846751512
0.21920439741466471
0.2151634881430789
0.21308382299170114
0.2067768610095637
0.20476310415646343
0.19715877004729743
0.19325863087172726
0.18712949657496175
0.18457966203553502
0.18429569859948386
0.17564936977181964
0.17168039013329986
0.1793276468172044
0.1718852829265522
0.16364620879082145
0.15943073792424306
0.15816507053568013
0.16216358460367428
0.15530694555067734
0.14718074842735895
0.14242157288802082
0.15033403790857122
0.15945789801651367
0.14166774946299113
0.1398305260634641
0.13580525198850846
0.13509494084250534
0.1284511696772267
0.12490605600842968
0.12149706009319564
0.11589000079246424
0.12236630254473371
0.11999118633295087
0.11383651035540682
0.11791881118761313
0.11304208260351155
0.1094449837995851
0.10446367849743882
0.10782736227305555
0.10511472509063013
