0.4205247713086319
0.4203220637634654
0.41799104663094433
0.41301234146370447
0.3742825664319174
0.3597813890130422
0.35083570811282355
0.3456690105836722
0.3423740011407698
0.32543209330519535
0.32255770436727976
0.31513280064444416
0.31457725156582456
0.3077527425500373
0.3067466319945423
0.30741249596581405
0.29198990355300325
0.2880523909053549
0.28596938673124295
0.2770215095740892
0.2744112189464832
0.2664951669037443
0.2697703726443594
0.26170793875770965
0.2552952776451048
0.2602960607228625
0.24448866611195255
0.24616816006828196
0.24869519966104814
0.2389541483010453
0.23452826791719056
0.24049401784186944
0.22877960260376046
0.22661758126502088
0.22763746845172397
0.21957193785189735
0.22463989461959719
0.22176954826424986
0.21982506022804602
0.21665189042713023
0.2085488450130187
0.2144096347756359
0.2054018891827254
0.1955033568468582
0.19702081838454935
0.19449140841419715
0.1926197841316001
0.1969968703703127
0.1846618335555953
0.1937535702237214
0.1784500530975925
0.21527605556689794
0.1845223801218472
0.16118979239456246
0.17630042378127217
0.18991286899011292
0.1602956113461321
0.1703214398785366
0.2025092914994551
0.18496276487820706
0.14996371248356066
0.15789033317488516
0.14896306858736616
0.1402910909239953
0.16689284008755342
0.1333150353371323
0.13354120184885665
0.1337292522461275
0.1332647006625062
0.13365135084171403
0.12810270613441763
0.12311365155417861
0.1216132678115355
0.1196137397424211
0.12409976408858496
0.1149826236787413
0.11212567582221028
0.11799772766612907
0.11078016558871279
0.12243607012911537
0.11383325110852976
0.09957268691565753
0.14284629641438923
0.10223352452646937
0.0935802967410797
0.08875631725807613
0.19557844615486672
0.09319670921329945
0.09293663437670835
