0.40898045877409567
0.4089660941180546
0.4089685846101823
0.4089519375423945
0.4089230069531767
0.4089029374082184
0.40893116057182866
0.40888804690589403
0.40888964032291997
0.4088761527774056
0.4088788121823192
0.40884727177503666
0.40882494085414456
0.4088395465129421
0.40879201201991466
0.40881807108138735
0.40877366252304975
0.4087999497007613
0.4087631044091533
0.40874590660795573
0.4087265335629183
0.4087217037010208
0.40872304601806175
0.40869150762745654
0.4086898132503042
0.40866050559173894
0.4086336776316158
0.4086280742052855
0.40860537944102493
0.40861386909814834
0.40859489008646244
0.4085551556014286
0.40858176082068826
0.40851983476210024
0.4085188558037103
0.40849110362155894
0.4084712194024107
0.40844711344553464
0.40841696916966996
0.4083822409444269
0.4083746011222468
0.40831347435773907
0.4082885136421087
0.40821423804984613
0.4082131436229323
0.4081764687204653
0.40812081528347255
0.40807821609836276
0.40802199220932356
0.4079626071498528
0.40789614615470227
0.4078494663805988
0.4077684224501654
0.4077385489893222
0.4076472235479722
0.40749821369678213
0.4073781627456076
0.4073063500727939
0.4071374011872031
0.40707790836733215
0.4069316918345537
0.4067478866425434
0.40652249030025184
0.40615384729757587
0.4060868634276351
0.40574528030447854
0.4056013592043496
0.4051361172177035
0.4048631011900495
0.4045474477459283
0.4039650844568613
0.4035602414563136
0.4027597743118051
0.4021618518835221
0.4012222060540129
0.40009478567544515
0.39865376828191373
0.3963400806867508
0.393357543192337
0.38985612486095883
0.38597532193788264
0.38347193439601834
0.3814916946953285
0.3797709526170807
0.378757474878139
0.3774851482084393
0.3757476167216161
0.3758107854197588
0.3727746617523463
0.37192842656635616
0.37137657870312785
0.37046568559153054
0.3700786229041603
0.36818009116584716
0.3663258369786491
0.36525351011699014
0.36375863909533995
0.3648398645802538
0.3629556354747504
0.35996057356436095
0.3611130585682873
0.3587001394428
0.35623175972011795
0.3552703555789529
0.3536168342205265
0.3512710277631756
0.35105768572330276
0.34826337678126035
0.3476273890037742
0.34578515455718567
0.34242318432325225
0.3427185538399657
0.3432697782267293
0.34144887930504086
0.3402041054167639
0.3380990388542544
0.33777677053722527
0.3369760055792966
0.33396486613563825
0.33381270869765806
0.3320560110772299
0.3314414215892438
0.3297310932177594
0.3297332050214141
0.32725144637310827
0.3238116469553521
0.3261928829522033
0.3232834969827724
0.32239797599504033
0.3219147858501463
0.32018427259593146
0.31718777367071854
0.3163183165008269
0.3150881250955434
0.31469619046862646
0.31201497100336595
0.3106507429157332
0.30929126667957263
0.31064428479773676
0.3081731895460825
0.30806521121912167
0.3054735778618954
0.30790239697948885
0.304094986679686
0.3037954922317965
0.3022623974161676
0.30332670817178475
0.2987901417661431
0.2999506147574025
0.2977853699260487
0.29743699980337757
0.297565906288375
0.29693334334700605
0.29655156696945106
0.29462918080562506
0.2957692785854888
0.2929407378706605
0.29452658646490915
0.29262928281067757
0.292869645056611
0.289981531655978
0.29132506434726957
0.2905518737568568
0.2906876237221348
0.28811806021631364
0.2873922397051363
0.28816908925563667
0.28643795188310717
0.28689661061231053
0.28725586468167
0.28667505898946954
0.28520678584513687
0.28568379922342446
0.28629118690393346
0.28484211148858557
0.28268312499002773
0.28348445499988945
0.28272327671411285
0.2839300776391415
0.2804242210845806
0.2817049141947274
0.2805274577067417
0.2805783220156925
0.28086113299662196
0.27893756642753254
0.27861682732942644
0.27848459709099876
0.2774684778519328
0.2768874563597851
0.2774272645920306
0.27617842224343203
0.27630747299912073
0.2763275520847666
0.27407197906769004
0.2755553378017497
0.2745543673370127
0.2748457849265237
0.2738711844480927
0.2736925362115143
0.2736809847970774
0.2714837812716514
0.2719575664933587
0.272683640040018
0.2717682651169605
0.26945443694844096
0.2699817820235805
0.27033407527740894
0.26679950736172187
0.2687343359872138
0.267040609491435
0.2658688550164797
0.26725633516677133
0.2671245017357141
0.26515403021557754
0.26709643653497717
0.2653877964498122
0.2635353717834478
0.26409997112761985
0.2627580740251931
0.2620115146907859
0.2645340499607995
0.26091144486187606
0.2619915221248557
0.2598445409963701
0.2608910199499161
0.25787426999243407
0.25812034434592684
0.2582039908331944
0.26003560048070934
0.2578894420541303
0.2581123369831343
0.2570037968080852
0.2571368829615661
0.2550428014797435
0.252643570614878
0.25470477504106
0.25390933399989557
0.2528480903390568
0.25284053584645605
0.252949707337517
0.2526603923624409
0.2517239516136875
0.2502305037298421
0.25084567993238566
0.24932913482962113
0.25097360102540817
0.24874806685817066
0.24883824401601562
0.24963980813989609
0.24568318544595957
0.24458854806915997
0.24727275743678817
0.24590699622047738
0.24768314160655372
0.24316791611969013
0.24482656407164954
0.24529584727846535
0.24209888612455377
0.24385169902694737
0.24267147120908758
0.2433517632203282
0.2426791216028922
0.24088376013706167
0.24210695805715252
0.24222429685113775
0.24079346047353092
0.24085763620215175
0.24001683869981597
0.239046065222909
0.23884808815894565
0.2385351909446119
0.23655614885524037
0.23924348835160175
0.2379928951102414
0.2354936099860443
0.23485147556682154
0.23576308913575586
0.2361573356579834
0.23397751966659372
0.23398332875263045
0.23309169680729752
0.2330567854242568
0.2317595294761256
0.23269174513443225
0.2331422258570787
0.23097369480447072
0.2325145367447319
0.2298066469816823
0.23221591294002894
0.22876066005038082
0.229940233066543
0.22982680794546873
0.2291628397533852
0.22865825293364278
0.22750964782344646
0.2276559797819245
0.22689476719081433
0.2268198035659966
0.22745000405558238
0.22394788845226404
0.2260817435676741
0.22410674179044826
0.22459942382979337
0.22404596376701427
0.22201911739617844
0.22291977292277226
0.22293724867882997
0.22009384060001422
0.22302144746372168
0.22215939631189108
0.21951501830839568
0.22221431657061116
0.22025265201621372
0.21732553356702744
0.21875634067545646
0.21954676151679448
0.21789970756612828
0.22042086916935427
0.22008964328124855
0.2168561636105283
0.2160682061929692
0.21540510251472356
0.21686664022718352
0.21872234716978053
0.2148207841066509
0.21404792142717696
0.21391096049427483
0.21546391694081246
0.21575659104602393
0.21408625957769123
0.21208686426589046
0.20972057876047684
0.21244961000249002
0.21194906753165377
0.2093375127787388
0.21142313199687968
0.2072819037689328
0.21173384663956782
0.21128931606794024
0.20833166564590105
0.20892436876177387
0.20860407233542202
0.20749583560925536
0.20601334730595708
0.2081368653427736
0.20535445839278504
0.2068849915727299
0.204801509973474
0.20450140270065825
0.2066872223041545
0.2051869946344281
0.2034401668329797
0.20246440977493407
0.2026738065389557
0.20125823905932824
0.20347176235099182
0.202429218468866
0.20021700742988693
0.20156176593537908
0.20040350218539968
0.19912696583723247
0.19741136731236114
0.1977781982812568
0.19614932833538468
0.19686172736176047
0.1952359109053828
0.19841511475368256
0.19577686125779714
0.1956415852041025
0.19466525774549565
0.19807098533927137
0.1946343882675
0.19402981313839465
0.19084291412567722
0.19095647382537084
0.19072037804656686
0.1930244780261345
0.19206091804961395
0.19127324168575766
0.19003821525345943
0.19039223062831281
0.19166966730124593
0.18963842982179369
0.18749774684597667
0.18902317197833338
0.18479553926997022
0.1864060833508062
0.18577763795449437
0.18457279579924638
0.18498146151372258
0.18617482875092983
0.18427933430442706
0.18451102328564498
0.18340085289481392
0.1820051515880495
0.1819897000810661
0.18418276708290165
0.17887972655887185
0.18111409040295617
0.17927341071974803
0.17884280646155332
0.18055138726156303
0.1793009123240886
0.17510161439701194
0.1788670067649845
0.18034720053105513
0.17567009206914158
0.17544678517271167
0.1753822013457917
0.17663888309288237
0.17530636627814228
0.17159837022534835
0.16934272735111108
0.16916802777800347
0.1708389653300341
0.17311786829099388
0.16994920425452478
0.16911666056637786
0.1680512286759817
0.16729966626969295
0.16593105775745354
0.1670088310037617
0.1668835906472068
0.16469835229896915
0.16531512604561488
0.16554686787059578
0.1640790680021769
0.16479998276152574
0.16566926183153538
0.16151645953824575
0.16124303561128683
0.16173271698341066
0.16178423341968554
0.16351201688197944
0.15956897965558484
0.1576874259528701
0.15925616651585522
0.1558596448297009
0.1579584272388704
0.15553113525483625
0.15656248661432132
0.15398563821396077
0.1514233488629945
0.15355981829981732
0.1504157217708801
0.15348771424554744
0.1513274453804199
0.15207759484412212
0.1493414202165623
0.14769427945933702
0.15066905327909524
0.14801313138284763
0.14600721140857725
0.1456130950822334
0.147438681331273
0.1442974562550467
0.14498852921960212
0.14519474315254208
0.14439703279672958
0.14188158389041405
0.14183978492818516
0.14268963322752232
0.1403080034675984
0.14159568024319108
0.14041793329113425
0.13648089802504176
0.13781839584733804
0.1371059864223609
0.13567624695086988
0.13240861079949875
0.1354328390823534
0.14068655504808242
0.13762645678434005
0.13664604421344353
0.13491287469423466
0.13476986861265325
0.1323167449134256
0.13108644260207794
0.13250388261433366
0.12867862780821912
0.13231021558149134
0.13318500726420682
0.12706114193123366
0.1265243520739341
0.125715583634773
0.12426336331203995
0.1252826172613576
0.12313961435602143
0.12386313756733373
0.12276619101734074
0.12531576216305182
0.121678968963078
0.12079796382603103
0.120586597860606
0.12236765115375546
0.12152907368087985
0.11723451759194622
0.11566031300044856
0.11690727102245103
0.1169060814434367
