0.4079242097229681
0.4078499183620643
0.4077365816392698
0.4076930761011949
0.40771465664850465
0.40756656122570234
0.40685401549248584
0.40376762182729253
0.38789705429849036
0.38408329299638955
0.33538200983816563
0.33302634099863493
0.32025942122597323
0.31473025131270754
0.31205040339758616
0.30817197152748216
0.2991853907918963
0.2884814098994488
0.28382049993765507
0.27431466360000417
0.2738234074786081
0.2719945520931282
0.2680655027175151
0.2631660571163044
0.24987756527476174
0.24918671497198724
0.24608590445353729
0.24424021491948364
0.2406305345279284
0.23838284835116386
0.2343441871443269
0.23045033860394779
0.23062930895316644
0.22730301033364442
0.22596938750535786
0.2242713467712634
0.22132652498809124
0.21798458474367904
0.2092437806082728
0.20695730345320812
0.20180574893834316
0.20064031355322673
0.19833420436397156
0.19477006815355347
0.19225561790562964
0.18702253054933765
0.18694226092075583
0.18088488529251617
0.18112713158354748
0.1784968907845911
0.17353710658236224
0.15825890557672373
0.15351407641148046
0.14828559445033168
0.14347138911911037
0.1448299140853677
0.14229541226699793
0.1381665030411738
0.12979338792122122
0.1272946503538797
0.12473753249787893
0.12486264580870643
0.11927505876781415
0.12284401576514867
0.11656833445799025
0.11347939500915527
0.11547611435868775
0.11197515460363705
0.10873361903306146
0.10330481700351138
0.0985375209784448
0.10194710838913246
0.09866682402541262
0.0944037174450038
0.09289759379296404
0.09526293580867141
0.0930510522369088
0.09219160173096383
0.0898196161915096
0.086939610537662
0.08441241684838743
0.08557698953169596
0.0828672016502151
0.08127624653263422
