0.4078184899753918
0.4078031246557418
0.4078081394518962
0.40783236355611535
0.4077889287157358
0.4077841043380849
0.407799039564582
0.40776444786657545
0.40775730113693254
0.4077206601431452
0.4077300347811926
0.4077160821867287
0.40771734772759743
0.40769780444049897
0.4077093036771424
0.4076898253801866
0.40764571377305064
0.40764591008749623
0.40765884670926306
0.40764891607311304
0.40761997014481904
0.40764570555477514
0.4076031629817851
0.40758250293435067
0.40758661214208136
0.4075884111062056
0.4075879280195473
0.40751191210451376
0.407519015015142
0.4074883453058159
0.4074958679415971
0.40746173396814117
0.4074841864959284
0.4074125959072042
0.4074254000021732
0.4074361930943549
0.4073733669307322
0.4073503227436388
0.407314733533306
0.4073003235941515
0.40727817474299366
0.4072234956260993
0.4072105064462166
0.407133811018725
0.4071914850664617
0.4071451742846304
0.4070916607408369
0.40706674840797846
0.40697665517822
0.4069871737698226
0.4068700653841092
0.4067904519761863
0.4067290748518044
0.40671882874651477
0.4066489466256037
0.406597636843276
0.4064380737841726
0.4063138321651737
0.4062800683842618
0.40614592787823356
0.4060176186073517
0.405860656273172
0.4056488135280298
0.40541262447266185
0.40529490942091634
0.4049006173265388
0.40463565803844304
0.4044855721496645
0.40415107540979595
0.40350881693160967
0.4032776312561526
0.4027287382771148
0.4021019625931938
0.40130672250851407
0.4005438641382282
0.3991912156898676
0.39723108194967427
0.3952755830085976
0.39215013869064314
0.38874842786506253
0.3854809642407297
0.38236188789931375
0.380601063586347
0.37916630290040587
0.3769866338512473
0.37603352332587553
0.375338430667096
0.3750112533149489
0.3720207630892274
0.370149433155077
0.3694786140180715
0.3687344011397759
0.3672435771933578
0.3647520534922848
0.36450633795090237
0.36282073011187743
0.36185888870350646
0.3603313515427183
0.358901937680293
0.35818492467601554
0.3575372011353337
0.35539784518535383
0.3534956853197629
0.3519066935594544
0.3511325527640863
0.3497808490438307
0.3477911695971991
0.3464300539822306
0.34569558130136274
0.3420378629547315
0.3419962445760617
0.34178738925838126
0.3399147479648195
0.3388304815864598
0.33797943859755675
0.33580572549433296
0.3343174040789717
0.33294503415597126
0.33318111440164927
0.3318797558389598
0.33151426328027195
0.32909771720397285
0.3291413779841333
0.3266009989866441
0.3262859114849228
0.3261875535636644
0.3248136588742283
0.3235790561862624
0.3219641637214708
0.3217007142367788
0.32136788622099033
0.31787650611027096
0.3180379461835447
0.31708793382048384
0.31393763205076036
0.3131616329743487
0.31250929657171583
0.31158878724198585
0.30993955860730227
0.308226967842486
0.3060658041654502
0.307660450346878
0.30666332339948355
0.3032705537623577
0.30311967106235554
0.3025761379332156
0.30060369216683247
0.30110533581098237
0.29929810056668127
0.29716626863700885
0.2963809297132154
0.2943040053442005
0.2962396381819935
0.2965081158469455
0.29511717840927026
0.2938093154737775
0.2939294868438721
0.2944897669401391
0.29259643951965375
0.2913235181844817
0.29103822155132264
0.2887486630186073
0.2897429499091779
0.2881511647524908
0.28950569844671026
0.2867074180588103
0.2864843865879493
0.285930492974346
0.2862265580761413
0.2863752990022394
0.2860238079231278
0.28407031935248234
0.28263950368473223
0.2845192583207985
0.28455826802318085
0.2820884756239126
0.28214019698445386
0.2831458114568745
0.2815693446130701
0.28069509907034074
0.28019379963265895
0.2788880428274689
0.28029027080563834
0.27960134121940344
0.2785735298768659
0.2775839574461003
0.2767387027852147
0.27492376855076917
0.27600058888257184
0.2774796532480155
0.2760395687272566
0.2756485497737002
0.2735005798026679
0.2762709412156495
0.27323383490876
0.27254638737431675
0.2739068169569175
0.2717891477412004
0.27020010806059236
0.2693054390903851
0.26972483306227224
0.27055876612022334
0.2693531246769311
0.27061593478711066
0.268481855366437
0.2691038535140687
0.2687162545281212
0.2672537820934785
0.2664712763108333
0.2660456075926808
0.26686556847016896
0.26460469046999946
0.2656691447084175
0.2669014447717899
0.26420855600592
0.2642731617317713
0.2649048977129783
0.26422079567021167
0.26372192779031606
0.2610643573005229
0.260708785412539
0.26140821464472985
0.2587451377590025
0.26098828867983165
0.2595309511591672
0.2571905441813765
0.25837373561015214
0.2573144820932207
0.25740548316104095
0.25720712075806373
0.25634761734897676
0.2568368496342719
0.25835216832946317
0.2550396090992315
0.25518726281483817
0.2527103483939045
0.2544533112899651
0.25340449916992464
0.2526396809980025
0.25273596810003435
0.2541818616027016
0.25114000115030366
0.2515087584233193
0.2508601212167623
0.2504192391291668
0.2490625156576926
0.24918459456564931
0.24940678397548152
0.24941406497022212
0.24716843389179244
0.24688912429971183
0.24715035621106574
0.24566869964962454
0.24568400007850333
0.24553146297320413
0.24489847584138885
0.2444220490148548
0.24550207889351874
0.24453403438030014
0.24146671479576384
0.24407976708370796
0.24483956678198712
0.24267771807552818
0.2427448001001593
0.24127089142393698
0.24158938432468433
0.23941586981349122
0.2418983635853207
0.24012623179719478
0.23979005507326745
0.23925706389647508
0.23795998145306455
0.2384864303829095
0.2375256602197243
0.2345157025597786
0.23736954286825093
0.2337162497086796
0.23747889478461973
0.23612857746687343
0.23690423113313006
0.2346208631371695
0.23466124347446102
0.2350828616810752
0.23405486130036365
0.23328684523689378
0.23419035045156053
0.23211371582374535
0.23041999835965266
0.2314128374960695
0.23126312891972622
0.23104274731105473
0.23053585667090878
0.2311422290637376
0.22879865081193773
0.22971712758003424
0.22801487001133322
0.22858876118065663
0.2286885435315631
0.22730337454434976
0.22770180196605877
0.2262584498385335
0.22694414114422082
0.225439452970934
0.22407738891564524
0.2252168989504763
0.22378280618994228
0.22467772718594095
0.22357224965433495
0.22555232343284343
0.22283079144624954
0.22128938633857836
0.22233284611079093
0.22190112723981784
0.22326849591545248
0.22030159009900357
0.2208149377413781
0.2214668056135744
0.21993665502380436
0.21891789338960208
0.21912333534505554
0.21876044128676264
0.2179381696072772
0.21855970049105092
0.21510835077860102
0.21722022017446865
0.21666605678709147
0.2160439247294982
0.21594967312143767
0.21485308340369996
0.2146564986746819
0.2131546722550626
0.21417765420110074
0.21300798867050175
0.2133994996783277
0.21248348434239953
0.21237955720443003
0.2118992454968247
0.2103607163428196
0.21237759563372263
0.2083263927189108
0.2114684467320341
0.20785115848787958
0.20856813021389048
0.20818793199227012
0.21084790428068706
0.2073643875560123
0.20640566871575527
0.20733369458240322
0.20602191496358546
0.20463709845818767
0.20728774828440052
0.20461282504482284
0.20365028481271744
0.20551622304101713
0.20533407542704799
0.20516734726191566
0.2039992060165494
0.20366773151387074
0.2029220906708632
0.2024879273625436
0.20225743225510276
0.19782541669073858
0.20014913718357355
0.1979801854127707
0.19693821891830493
0.19695579275124012
0.19606806055003334
0.1974743080509705
0.19545901861060735
0.19533992929910307
0.19529338503925484
0.19316620166313975
0.1969812446425964
0.19479917185900678
0.19400792440807754
0.19449448826502927
0.19333177447861932
0.19140946639873732
0.19506877488461388
0.19311036163675277
0.19106559884708102
0.1943146482415898
0.19068289641388403
0.1911124116930395
0.19117917054124972
0.18906779126540643
0.18954406160978104
0.18925207989622103
0.1862886500907292
0.18726436747828798
0.18658695638041886
0.185449271810499
0.18621143344012855
0.18462333747937348
0.18524902717116534
0.1836246793655509
0.1821007644316005
0.18286844797510848
0.18013983332891523
0.1805956379571655
0.1778798446365937
0.1801487597842266
0.17912298005432847
0.17696453373274357
0.17850959750004503
0.17895377104065097
0.17793383558742532
0.17637432385412355
0.17629044150403891
0.1768630166701128
0.1740936996363365
0.17409848336776285
0.17236228879106166
0.17357114841452154
0.17442769569026206
0.16928837921252524
0.17140004537955983
0.16932377129519904
0.17044197007802206
0.1723246402043438
0.1692066620609009
0.17150830453944324
0.17009204193005326
0.16847448669462792
0.16655924728740634
0.16647804527105098
0.1665237823149029
0.1649435289630835
0.16880919819429077
0.16372389991715539
0.1648963139195749
0.16339852064099694
0.16037081319431
0.1590485593886677
0.16018152222318435
0.15926051067345298
0.16092009538731547
0.15832890920833348
0.160074437788608
0.15728076036294195
0.15752215275676162
0.15694514285211328
0.15801520292459603
0.16161237736676332
0.1530364006428668
0.15261900740983006
0.15456084290164154
0.15467459035451445
0.14991162713574258
0.15068966270273634
0.15178365288435686
0.14945734116323053
0.15295146631769768
0.15009195084651641
0.14861355078154695
0.14586222975696037
0.14497691649479466
0.14896638158564096
0.14613721103102711
0.14562874872351492
0.148481951490002
0.14589960432042426
0.14253112132185353
0.14077934835913428
0.14182809358469323
0.14377186117666396
0.1406813878712465
0.1376277927302882
0.14070399631413488
0.13742515812476933
0.13887877280925
0.13544388569099794
0.13803025961541304
0.137991123346264
0.1370337933114972
0.1351711664433962
0.13368717212410233
0.1355099031314537
0.13432029232074374
0.12956784346530706
0.13126129512216067
0.13151858512380338
0.13032097443537796
0.12919034789934566
0.13054474664733723
0.1274132068174546
0.1251720972638254
0.1270599359576047
0.12206426634990085
0.1253825493239689
0.12283147246813364
0.12228239482290058
0.12270457945483672
0.11992475067428036
0.12096715541898159
0.12165383780969512
0.11834816070311834
0.11784576153079204
0.1142922164918488
0.11673809171367315
