0.4069938948811494
0.4069865177623772
0.40650406315788934
0.4062561086246236
0.4002338454086658
0.38010623247756464
0.3681698162062446
0.3603934028727771
0.3578818018573683
0.3576842910124908
0.35248536715648965
0.3511734316749922
0.3458200395013397
0.3397182852544442
0.3340363087202512
0.32679863769032685
0.3182261549199311
0.30929762230349145
0.30798210629745343
0.30328642457402655
0.3014694195601545
0.30061800874553096
0.29307006197466184
0.28673421108640296
0.2851210045743948
0.2808639535035451
0.2768880404421392
0.27191174571069576
0.259830911821374
0.2527432032933122
0.2512291668295619
0.24468148057829503
0.2420171796830777
0.23849896940898008
0.23264947367702077
0.2319873259284946
0.22989352409912636
0.22497960395693098
0.2222762323121364
0.21941134241997953
0.21712996646958843
0.2178798766541907
0.21234444249439546
0.21289979719670746
0.20887659051211518
0.2070958197283258
0.2030582484179461
0.19877602357507454
0.1957994731222593
0.19427494692622838
0.19061244422193788
0.18641671585650044
0.17579380608093184
0.17257423672969655
0.1694661044594698
0.16659196093232448
0.15800185583820706
0.15480067727675614
0.15115508942876507
0.14748116780006432
0.14419569737988347
0.142342238670804
0.14099668631815437
0.13587240592180572
0.1334847296448832
0.13192759011655386
0.1316922300403069
0.12586084673533054
0.12361004580626411
0.1177067495267201
0.11540073246384633
0.11363678317197541
0.11665846856717983
0.10492213262123357
0.10722193472517184
0.10505724488564869
0.10542640274674968
0.10162827619695129
0.10011721384651574
0.09590659844085134
0.09304478008018773
0.09161417520713472
0.09104275259175068
0.0948533545719476
0.0888834352283827
0.08536916805283237
0.08254202053300966
0.08061980669262298
0.08306013915892521
0.08209215440704702
0.07925593549379584
0.07624759594230339
0.07989387671193383
0.0727475175944323
0.07458746326140997
0.07663610676388506
0.07355893289962649
