0.4101423420745778
0.4100595791327739
0.4099999070260067
0.4098767027700616
0.40977112538565735
0.3997458394365503
0.3931161478963142
0.387989552494588
0.3588545710886878
0.3577164853789592
0.3490236761544803
0.34319968433466835
0.3346988158680223
0.32723373090705354
0.3162187034407119
0.31055603306903834
0.30641158571434873
0.3042268439057732
0.2990897923093002
0.2984851918733121
0.2942086892935322
0.2897771401255387
0.28300487180740336
0.2824069239665026
0.27617791177406986
0.2700651679961135
0.26241127175490375
0.26042422811189514
0.2551556803723902
0.24765808750128068
0.24658347616108942
0.24331002137326674
0.2394370322491801
0.23715578244863827
0.23374511852212598
0.2319149079171729
0.23046671013388872
0.2268147658055905
0.22771613224745593
0.2243980146027732
0.22297571294823204
0.2178130673153361
0.21739129272175792
0.21416340607886586
0.2145413430859067
0.21121595703519683
0.21005691649468203
0.20990929787126916
0.20455670786640962
0.20359890081926285
0.20118369042995005
0.1985617068386451
0.2002345782830783
0.1925346661078321
0.1945658467553304
0.19176318531096884
0.18832532982996988
0.1846613249474434
0.18342630128211448
0.18043680142945764
0.18195240860411413
0.17603458085755674
0.17604832035038712
0.17430509255432663
0.16919435899862098
0.16907755825993334
0.16471010412009085
0.16456463490414996
0.1607896071769672
0.1577544251845613
0.15317056379895855
0.15128929732053192
0.15607297519959745
0.14920079277518933
0.14521244963055271
0.1468875373699888
0.1487951018392655
0.14505392946443885
0.14011137225653764
0.13273729413429275
0.1328650452737343
0.13324054192622198
0.14006348252633655
0.13130140773348453
0.1238998993458104
0.12700888350244172
0.12602726240274978
0.12415112464338313
0.1290612752978113
0.1176432345999801
0.11740145691684915
0.11336985183801533
0.1099163736971244
0.11426771329400029
0.10747180708062717
0.10763535271949962
0.10388098426285605
0.1075405848964589
0.1036994161343804
0.09983195147877455
0.09878572997715478
