0.30137033762341986
0.27535984314134365
0.2594115047418221
0.25589281161470556
0.24842849013376095
0.2404252517960611
0.23658549818349323
0.2246704623756281
0.21636233379319267
0.21491949122302237
0.2136745726500556
0.20269072539194122
0.2006702758746619
0.19857137694712096
0.197634463238828
0.18914986013434001
0.18903993344357253
0.18478903751175355
0.18467151967575154
0.18148393619253722
0.17493943023157826
0.17615266115520337
0.17329296540074685
0.16890036951921722
0.16670658903851562
0.16414062450152958
0.16454537304784164
