0.4191136937941778
0.4190565728797334
0.41904683481738636
0.41898497513226185
0.41895269377467853
0.4188799919158529
0.40996441210869283
0.40840196270490814
0.39983181124494577
0.396258207915848
0.3914780296616147
0.37316217799358786
0.3693302378322939
0.3635818904507567
0.36348931396340894
0.3332080876610223
0.3295685211199334
0.3285664924847795
0.32287668381361945
0.3186151248808471
0.3113519949024746
0.3118038970369058
0.3066386715250825
0.3046982749451047
0.3005147276446891
0.2984813446114078
0.2916196481247427
0.2788870613782983
0.273785643984897
0.27399461630802174
0.27031755011713554
0.27012268285767843
0.2679153141610099
0.26028463321565243
0.2586692223813934
0.2500900841964014
0.24865856867603708
0.24091000582882074
0.2252005903952321
0.22485235712821047
0.221912173060091
0.22199338437306376
0.22054472380368065
0.21282942172830976
0.20892188702551515
0.20073412288567516
0.19632216524550938
0.19278576742099912
0.18110487085316368
0.18164388556200697
0.1832258906814804
0.1752617150359174
0.17518269317216945
0.17175522892719283
0.16724862751017977
0.167406842783497
0.16217784712456548
0.16040227943753624
0.1581318542619475
0.1569186954859442
0.15546699436455666
0.15047028481590682
0.14918619327846042
0.15107819190038174
0.1454738984692061
0.14547089470801616
0.14636693918284407
0.1393208102119694
0.13376279999946228
0.1329247942189681
0.134786502964868
0.1291054825275934
0.13106542217469
0.13277412118390458
0.12548231163316897
0.12375040388607521
0.12484832880090159
0.12458698192086998
0.12223705361699047
0.11660109890005418
0.11031360694293273
0.11775131003942796
0.10630920883314479
0.11011374120569967
0.10441611707052606
0.1045262639619907
0.10770012851488743
0.09854417002120817
0.09879511313247694
0.10134403129960237
0.09990662373085181
0.09632505669033009
0.09471503179721767
0.09017154916696171
0.08805808400132902
0.0919088486951808
0.08062250686440216
0.09183271258643565
0.08888030397449886
0.08418661212983986
0.0881808079065426
