0.4104256560791783
0.4104276949888577
0.4103006162985681
0.41021812817625936
0.4101761579134167
0.4100135661181431
0.4098449288829575
0.40942510164180806
0.40800073757377164
0.4040896686865682
0.40054462741381286
0.37970675251547475
0.3695029176305167
0.3682271637830803
0.3465494959418964
0.3433915299718023
0.3418070853980255
0.33835859644027694
0.3284994529185305
0.32518346315579477
0.3131996266243794
0.3059244392746673
0.2993786026033806
0.2946855933927237
0.2906152401755795
0.2872163156838
0.287745047435894
0.28617866254628554
0.27980538795551124
0.2785805697529911
0.2743080859055419
0.2727588791927411
0.2673322450166086
0.263544715509256
0.2619800814563032
0.25965639361525045
0.2586515909477181
0.25721875920417264
0.2575348998335803
0.2521766807506391
0.24983740839293755
0.24712866692863023
0.2471175523261425
0.24473927906558152
0.24373683452809106
0.2395998920743244
0.23850591254551165
0.2359398510404536
0.23442799564509717
0.23355943838368054
0.23206293433062739
0.23150904057840893
0.22979086076861346
0.2274612483754002
0.2250603018917832
0.22512572722526045
0.22214132973613415
0.220125421293437
0.2228195213292911
0.21577062289116977
0.21507796477110788
0.20902262141904882
0.20976499531045123
0.20697817734060214
0.2035457585943338
0.2027088000644722
0.19999918405733186
0.19952624403229505
0.19468078647389592
0.19491651844913296
0.1927215040600336
0.19061791341022927
0.19080780296742797
0.1873216803376508
0.18496406746022118
0.18580524929247988
0.183765629805327
0.17842237199017938
0.18154919466751246
0.17547497684078023
0.17327977093670213
0.17208579975157906
0.17406351631256928
0.16775700931877377
0.1669475065073151
0.16182107697050038
0.160330930274529
0.15813053825200404
0.15639004426540687
0.15347819820002653
0.15226431190027087
0.14588739171544748
0.1448161307800531
0.14173497642564334
0.1423727116286718
0.14077386172463485
0.13769374833469425
0.13465789378253049
0.13351200093847865
0.1306508729019064
0.1308415453543213
0.12709357238734303
0.12195919673935299
0.12374892829590534
0.11733838768097414
0.12228693379630329
0.11807094868122764
0.11478862911055673
0.11499340031571034
0.11247148210499833
0.10895542342363736
0.10853269309660415
0.11233759876396597
0.10932467003046914
0.10769806841813313
0.10076829181814442
0.10217481946681575
0.10819564361735738
0.1012378204239145
0.09650963388622366
0.0968821368151345
0.09702397227529297
0.09114240479749203
0.0898848586601714
0.09133603794440867
0.08911331675976124
0.08792745928893121
0.08136478145773748
0.0863811943996121
0.08346724509556393
0.07964265098823269
0.07710797668223474
0.07598207785043293
0.0799201247224365
0.07815828770181084
0.07885960262218948
0.07442118106071575
0.0704317419449749
0.0672141923518515
0.07514780083618587
0.07152777465724978
0.0739917784170655
0.06793914178758831
0.07124893743378317
0.060634798437763975
0.06793122121907667
0.06489148801116597
0.06150872943142344
0.061528041363814484
0.060082115684152164
0.05666154344019683
0.0639391038826293
0.05665463480000079
0.05808237078665912
