0.4071298211721798
0.40714598510092537
0.40715492169977224
0.4071361919630455
0.407144517761095
0.4071517516393137
0.40697133735093904
0.40672414189745953
0.4059728528080131
0.4046625706245397
0.4011750419255536
0.38645512600671933
0.3737916669687434
0.3682243184821516
0.36300606497735566
0.35705547269223115
0.35105251776933916
0.3456240973190851
0.3422813641546288
0.33609811805921364
0.32970628340754793
0.3198583137935614
0.3100973605581555
0.3049521784669423
0.3013632155798037
0.29745409249874705
0.2936340064383765
0.2920709116117713
0.2891194831910972
0.28675981486596464
0.28487619650853224
0.28119821310867543
0.27945454596337077
0.27849556053216035
0.2750521667295846
0.27225194313756695
0.2699124138432313
0.26830852092629853
0.26395193461033795
0.261524250161551
0.256860845483882
0.2570017453568802
0.2549878710475568
0.25371218053990646
0.25234105695549436
0.24921676959129924
0.24679864115237868
0.24195269844476436
0.24299314232608699
0.23835213409893177
0.23627454982975277
0.23644428474416768
0.23300486158104702
0.2328904637045109
0.23105306333916392
0.22832048694532114
0.22628288209189557
0.2228926670309206
0.2228810804620176
0.22036672990389425
0.21805380615253744
0.21707265061472256
0.21485891863085368
0.21220703043509997
0.2118284318951664
0.21069436455569376
0.2057900513859337
0.2038346307492326
0.20143230230615486
0.19906514757819588
0.19707278255163505
0.19563802479203868
0.19152811375496703
0.19082019747169135
0.18904846163306457
0.1879366966739691
0.18199411461923967
0.18008445209670676
0.17833501534833368
0.17510264836890807
0.1750528670056613
0.1704436766422919
0.16895603400675394
0.17040170448801134
0.16275916615602953
0.1639548455615486
0.1602624923514807
0.1584866938680332
0.1574137145868458
0.15678849270547207
0.152949919886168
0.14996140507424685
0.1503945621878284
0.1471501718851979
0.14414214041283413
0.14292421499113295
0.13818723902120983
0.1379916048222761
0.1343786632704738
0.13454284756140203
0.13392982526551256
0.1301256855539224
0.12769355324310835
0.1320871278620309
0.12691188330320677
0.1231331775824186
0.12098341117889516
0.12023500791847597
0.11975011462767289
0.1140793162644877
0.11440986368439648
0.11420884212008076
0.1116044256264279
0.10921405740041533
0.10770110711547927
0.1056747839963153
0.10578076902509737
0.10217303994539989
0.10083566764728451
0.09861061735958727
0.09395837056262407
0.09790804849101782
0.09443558934076769
0.09181283413006644
0.0888815858711183
0.08955673683919452
0.08815436233551022
0.08801672452944848
0.086920935569757
0.08342866935743712
0.08500255972696691
0.08195619379003025
0.07908934132246234
0.07761092140157118
0.07694710930216843
0.0733286310731299
0.07931268493903089
0.07034073883989624
0.0733234257649457
0.07018117614186355
0.06778259457852791
0.06844931242954252
0.06936452489253445
0.06736192286423422
0.06522803721235251
0.06862818883523783
0.06334517206093866
0.06371971395383033
0.06152932621112871
0.05901064905629902
0.05960789533587638
0.05855804261459158
0.05499610332909565
0.05558315664275494
0.05983785668304449
0.05488689947712122
0.05335529552794506
0.05388697643926935
0.05544510759866058
0.05303837629700921
