0.3039920555757826
0.28108285552101725
0.27704269523061037
0.25970600996084764
0.2577180301370174
0.2425030478090164
0.2388346412732046
0.23471792801138386
0.2181037652109713
0.21606946883627517
0.213732046051602
0.21139039886496933
0.1991229187219481
0.19778226007970434
0.1962888338333296
0.19414411441594293
0.18563367357812688
0.1842899200712307
0.18340875072954313
0.18277908732997877
0.18375822869998804
0.17912019836929127
0.1753166014078615
0.17464528098133905
0.176339913652098
0.1739149251360122
0.17401205476320622
0.17286263538825752
0.17207254605371566
0.17223191379623115
