0.3867727349053525
0.3715911567044141
0.3452222719484088
0.3155414017269667
0.2944161938055176
0.2822085643424713
0.26326780141021955
0.2506276706265308
0.24011326881218248
0.24197351635388797
0.23272905523305693
0.2333875023612327
0.2285762071571047
0.22659653758949086
0.22343122620883307
0.22412078574959163
0.2134883229858119
0.21121627899884585
0.210956017771524
0.20689446171140852
0.2070246665053413
0.2072895414878127
0.20427696497726117
0.20122833336047602
0.19971593006392938
0.2003870469448193
0.19661903697766128
0.19351309773438077
0.19450415733591148
0.1931113653538891
0.19188800589659058
0.18896324307557413
0.1869319362645714
0.18459290635537653
0.1837830623801163
0.18038641711149078
0.18240691250853516
0.1797967275033167
0.17762131776656692
0.17436403019063032
0.17268153597508368
0.17160571589840068
0.16997372564710045
0.16808553855116432
0.16631047977290953
0.16497388830060022
0.16512556461726477
0.16513788108395405
0.1624298099893458
0.16112017861960326
0.15961280160989358
0.15933609982268945
0.15696638554873146
0.1570170068727112
0.155385917808931
0.153405778523741
0.1555219214536258
0.15104536572427982
0.14977110806912755
0.15059239539294747
0.1500657919627635
0.15041222842200438
0.14740911202036494
0.14942140031384157
0.1484162474826721
0.14373542524047359
0.14667267901958242
0.1432301100905079
0.14205823820078334
0.1433901795208429
0.14233670349847777
0.14074119420632733
0.1385667335324634
0.13593510720606367
0.13599196002074748
0.13628421856225792
0.1359641921913588
0.1376433646386372
0.1340261079968205
0.135057300584512
0.13099480241102784
0.13004920332820802
0.1295135821601328
0.12957463165718808
0.13110849249358314
0.1311989631384101
0.1266546456418229
0.12865957197773292
0.12565490529953044
0.12618100091633933
0.12665285716713268
0.12625344945742303
0.12297423662861036
0.12197400674597146
0.12103142157137912
0.12211906242834258
0.1197373475918002
0.11973807639448936
0.11863781909790119
0.1185706892273265
0.11793499636048461
0.11589809726838167
0.1170933350114952
0.11193803358477093
0.11380403647671634
0.11346062998136568
0.11211347474616346
0.11303007681339024
0.11309907586671906
0.10809280214809254
0.10829661808298616
0.1080683491935316
0.10579652023249361
0.10814964114072094
0.10668245370273045
0.10513242680650808
0.1051586395887295
0.10556913776780043
0.10442158572674302
0.10281474100742075
0.10083290707409294
0.10260509417810625
0.10041438644683694
0.10002325944642383
0.09846331396342255
0.09629019020363443
0.10070674452300073
0.09620566007069792
0.09458419652344388
0.09527143888997033
0.09124716584690458
0.09298823747860191
0.08996654039295544
0.09106944506262538
0.08854494463810628
0.09080014369318304
0.09021283626214495
0.09103255872735033
0.08939689777921585
0.08985652281515302
0.08838027249812165
0.08406651307338259
0.08631602270644731
0.08375850461367877
0.08482820545573687
0.08426414958634616
0.0854948787645161
0.08144664924043718
0.08188283891950995
0.080948657642581
0.08069863125921596
0.07792565050849917
0.0815032839776177
0.07600092283234725
0.07759910763399616
0.08053375727349454
0.07659378919273258
0.07382044595948763
0.07907447076861046
0.0770619266910149
0.07614513318935785
0.07787353487754481
0.07422193818296563
0.07417975834720857
0.07304503816424812
0.0742064213412454
0.0761825721302524
0.07194742689537813
0.06964171397873015
0.06997965188690189
0.07088792039306861
0.07090996181554907
0.06866750708007707
0.06844340993682627
0.06725806839234502
0.0683097347722214
0.06801340353852381
0.06810333505333206
0.0659465908281821
0.0625858974620987
0.06539905575398142
0.06062531326938319
0.060106510857304105
0.0650945255942346
