0.4206411204113644
0.42055179945132654
0.4205611908379236
0.42047130302955393
0.42035789510397126
0.4202012229124639
0.4200533909147633
0.41973592355299905
0.41958079734478043
0.41762873749065443
0.4158282055541029
0.3978361373615624
0.38675328112108764
0.380411090349096
0.3764299592482767
0.3720601117013632
0.36194230859051063
0.3535804621944528
0.35022424573490224
0.3398649148919402
0.3338307100163395
0.32230975790726507
0.3172950015556061
0.3148731378440219
0.30922420628747865
0.3049667123572192
0.30047496332447754
0.2982178972184143
0.29793582653155226
0.2932429287124282
0.2917526578380274
0.28737336914727285
0.28603103911133054
0.2841233760290322
0.2810103347380336
0.28026282599588515
0.27770919378400977
0.2770642587194897
0.27509605151544564
0.27091496122778497
0.2701901179008755
0.27076451876192054
0.2703763154172152
0.2659367974053601
0.2626613479533557
0.26380375184166177
0.25937981390131803
0.2591080644104541
0.2566662287360449
0.2541769788982339
0.2533106523994548
0.25080303117592073
0.24745631551948802
0.24525426616604437
0.23901158103075923
0.23702340501496505
0.24179535173920483
0.24065532618013255
0.23781523613005445
0.23741861606005502
0.22919556396817853
0.23018819476841396
0.22537693024674524
0.22971722083853338
0.22907353611791212
0.2229012124160443
0.22120319594726431
0.21099551592255236
0.21050702934665125
0.20869506397988194
0.20485735424700097
0.2060553511111453
0.20338125697027915
0.1948936712931895
0.1958794915755809
0.19188946408840685
0.18977657388645705
0.19738617012262238
0.19160344053631798
0.20264127548977173
0.18274674509606686
0.17974299645316802
0.17581419437125537
0.17525269006389144
0.1711503094379905
0.16770124478240367
0.16623042350123948
0.16190469754719722
0.16391455320147708
0.16160841932760223
0.15732945204653878
0.15741738399573685
0.15423224526760246
0.14902838934371812
0.1510490959966315
0.14795125683081958
0.15029426382763672
0.14341638029990744
0.1456562475094286
0.13789563758913484
0.14366579450847675
0.1359396219057473
0.13068934950950747
0.1322682205814943
0.12618824267451237
0.1306917103661263
0.12789390323173833
0.12323988001974889
0.12218537384437561
0.123479197818085
0.11856348355709657
0.11842128975977222
0.11505710705107558
0.11365124177110188
0.1126475537868423
0.11084298673237193
0.11047201198726726
0.1058024215121435
0.10252152719638734
0.10811549536883623
0.10593072746715969
0.09525571356444965
0.10204944404468336
0.1367575988798783
0.0943643945973731
0.09375447987098916
0.09162352750500419
0.08952749842856708
0.09184527914500447
0.08772097851820977
0.08667980302373442
0.08853667234530546
0.08694661216495467
0.08026448395852441
0.09106273498495768
0.0800319750863559
0.07822452900273348
0.09085296556046335
0.0774081161072901
0.07578259031726643
0.07764425607167992
0.07120886565487959
0.07095452398947039
0.0664762729159235
0.07334040708654654
0.07373669872250115
0.0679466155851446
0.0711981525055318
0.06291226115417928
0.06787625668645071
0.10545363109603668
0.06206334593675281
0.06384992748141614
0.061046552435236136
0.0609747059771437
0.06471127091721636
0.058912599757644374
0.0569520240189472
0.06071144385827816
0.056367881504553234
0.05783411405070864
