0.28557497629059303
0.2615407635531179
0.22687432005649874
0.22137606009933763
0.21434209677113486
0.20670603465020404
0.20359080049293898
0.2004927344548336
0.1916659673662284
0.1876712475325217
0.1833940506958121
0.1788550956409483
0.17329800374846485
0.17022773730660073
0.17059673439030493
0.1692217775907015
0.1647372787841316
0.16198779003051997
0.16069172551504304
0.1587930634565576
0.15693269645252272
0.15318891247591368
0.15386689691342412
0.14817276605477459
0.14649925433252411
0.14482778767920546
0.14473306563274582
0.14167423919112193
0.13923516790575255
0.1402370702157191
0.1385829442585139
