0.4115521940311109
0.41133482614252287
0.41095477057553076
0.41076833288519704
0.4106505416336544
0.41040749652641395
0.41012399036307995
0.40977080487978323
0.4094892418396242
0.4092871401606183
0.4076478682432457
0.40461879959071967
0.39853636905244283
0.3809858119337757
0.35144119738194607
0.32527948639130067
0.30930897803623797
0.30597036506069136
0.30229167930527173
0.2965548957960983
0.29123948929608734
0.2851135257825905
0.2815403272119739
0.27584945956472634
0.27312778033415164
0.2729165270885481
0.26684897289971965
0.2655113017386441
0.2620498816339128
0.259441497058153
0.2568197135904893
0.25236324412418853
0.2502366795647342
0.24661078449106666
0.2440806273420589
0.24254173655964198
0.23885527725744723
0.23871373635584095
0.2357719226738342
0.23617484435637012
0.23404099419823754
0.23232216844247994
0.23282102672963956
0.22896479938145142
0.22604173545958284
0.22795225775867428
0.22535665874956376
0.22375038975842088
0.22383265838015123
0.22120474700734546
0.21992318604583955
0.22210858397209704
0.21989250052135198
0.2171891752500304
0.21837867895428198
0.21469362930801436
0.2129239498307157
0.2138090760840514
0.2117829601552005
0.20991933546065494
0.20916898881325052
0.21048853731210587
0.20738757410013517
0.20731514333369058
0.20688706455349942
0.20369213316854778
0.20031947847542178
0.19942280164291742
0.19974943673153633
0.20000726819135026
0.19701785916989847
0.1968761960881146
0.19713731041776905
0.19351625130319988
0.194054966321766
0.19260605622330113
0.19181887903232858
0.19019202185973705
0.1875930234227213
0.18482671875478865
0.1838342312360339
0.18164055629307
0.18229506406165127
0.18157175535047182
0.17826616396887626
0.17730934823903458
0.17586905168745762
0.17466587993567298
0.17328828798256166
0.17077499921027595
0.16901802553797998
0.16856319885290033
0.16904275954805142
0.16690880868808178
0.16571870454736037
0.1617699982442309
0.16325420418756553
0.15918933686182005
0.15990355595711406
0.157731740598149
0.15630692253915277
0.15746030656990465
0.15486229568360785
0.15197852275895557
0.15050885636521047
0.1483073289987869
0.14766939759782982
0.1467907194461633
0.14414512086024425
0.14376075572479824
0.1391899901632905
0.14029636852183872
0.13924436489847197
0.13531776884762187
0.13704191380965927
0.13188658276132897
0.13515352055279392
0.13063588610548502
0.13041016556068294
0.12971147197861407
0.12782136708054018
0.126227099330382
0.1255238941229575
0.1234734512083504
0.12042429635123059
0.12062808887917983
0.119251612853899
0.11706080920519431
0.11698631711714096
0.11330833936220033
0.11126822256921322
0.1124687371401619
0.11240372569450222
0.10905480906939408
0.10662660808185516
0.10680721375133805
0.10619141137503803
0.10305472801647865
0.10177688643852664
0.09971443795391743
0.09805923476370687
0.09715878276909348
0.09856256748461567
0.09235192186129254
0.09520484186695335
0.09310364371603973
0.0892383917401067
0.0925565527825746
0.0842290446392233
0.08871630902822161
0.08713607330712593
0.0827472757020776
0.08490754791551465
0.08258229469767707
0.0852246081210276
0.07611560988446703
0.0785242017230185
0.07815311614508645
0.07601565434500875
0.07808162145248554
0.0741611854976259
0.07299732996334095
0.07552479338824933
0.07422938595741095
0.0717176978221368
0.06986551236725118
0.06934509109544315
0.06622183883122384
0.06570565007684837
0.06658087620731658
0.06501441623370191
0.06640280831444641
0.0616634340406542
0.06007553225580067
0.05817403540836178
0.05842922868982071
0.05806436117650736
0.058580781338159145
0.05157718617018077
0.05517463722958241
0.053375134357270926
0.05275182097110902
0.05110451057315256
0.05260498633699301
0.05172204047211907
0.05034932522442842
0.04867282923411049
0.04741923795313127
0.048494902274870154
0.046057634131622324
0.0489762455701552
0.04690466503839261
0.04573498212853393
0.04680921790357849
0.045535967418591915
0.040980341916245555
0.0402220303038808
0.04989056731387305
0.0456970879406006
0.04602533107514546
0.04657524444918265
0.0408760321878435
