0.408121202662298
0.40795447159121756
0.4063551385441087
0.4049180252233989
0.39957568439599095
0.3791865490010705
0.3616507689492323
0.359844957238483
0.354673868481447
0.3448398458118098
0.3289494092747771
0.3083662463287297
0.29433159511199514
0.2922775455350681
0.2834391598471227
0.2827913038107808
0.2767721125682188
0.27370278741332615
0.2705261630174648
0.26648690225409905
0.26416503963464233
0.2641048756143367
0.2599732969688555
0.24735003705940153
0.24100326026497096
0.23492944248148231
0.22737648305147273
0.22506121560088047
0.22109790354405076
0.21744823330750104
0.21484321170215837
0.21386277544592813
0.20972776361247017
0.2067380767303982
0.20631251586809785
0.20353256075497866
0.19840595906499758
0.1993106053086351
0.19538379225398858
0.19622727617983088
0.18943091509108795
0.19109302191296176
0.18901044885882262
0.1863389395521286
0.18656705475608668
0.18375653253885119
0.18140346903115978
0.17813805672512287
0.1756109651168082
0.1749623633550169
0.17318074296585773
0.17028432155687373
0.16532727807556177
0.15798774750061478
0.1573537723194291
0.15469064337742292
0.15368494614218783
0.1473655541959411
0.14561970817479508
0.14700043201901358
0.14428749000382263
0.13973106109949818
0.1348142540912116
0.13311447690887193
0.13451272570408665
0.12877720896686531
0.12882631858393515
0.12289307620265176
0.11818143186431854
0.11657980698195236
0.11787049828532997
0.11028605236672508
0.10853715019182171
0.10840968922619441
0.10722614693203275
0.10320447451605116
0.10514120122910824
0.10490489122280919
0.10644965686099732
0.09775028942884248
0.09632966966325784
0.0954609605079496
0.0952638583003144
0.0900579998584045
0.08801599295314616
0.08782843363331588
0.08802520201931326
0.08228940609437674
0.08613583596680575
0.0831412946112349
0.07930393821574883
0.07975333014757194
