0.4117610023311052
0.41175013205621724
0.41144525214155714
0.4089738765002623
0.4071591474615874
0.40431522414195187
0.39839295611418024
0.3798457965905874
0.3528731471316098
0.3450608294540345
0.3385220210603895
0.333449814510501
0.3323694313667773
0.31956478630744495
0.3149499447202636
0.3133839581949247
0.3041409633690619
0.2871674558887891
0.2781431418035451
0.2677431611722291
0.26490659831590946
0.2620601666416842
0.2583029111825686
0.24690892286315638
0.24555686061495577
0.24415347816765823
0.23896843954925995
0.2369787621603907
0.2264310314215741
0.22455566438539878
0.220645299984113
0.2120349934390355
0.21207854924898048
0.20881714799185935
0.2075421711376033
0.19772968840852942
0.19627644043297324
0.19224271421212727
0.18342736145129612
0.17725015776309314
0.17745966515939016
0.17383388538229022
0.16703655572675538
0.16345332946085822
0.16003308477842804
0.15674948943922254
0.1476618201548541
0.1421369863980332
0.13878391851688818
0.13586478738116206
0.13500806384697214
0.12889210825542896
0.13274723770474564
0.12904056765371633
0.12340772636662459
0.11999634538075732
0.1181953560990565
0.11790685405836442
0.12555561991064026
0.11256693263527884
0.10968556093587882
0.11762937757790609
0.10738524898660481
0.10761808837544248
0.10772800824721314
0.1009431300857858
0.09989207255982445
0.0987751241235668
0.09208381709668442
0.09545001836600517
0.08446511881474383
0.09100447217360261
