0.41657322064513613
0.41643291128650667
0.41636357400357316
0.415040691556362
0.4109254213620619
0.39968585493883446
0.39676486998812993
0.39087514468807544
0.3893520426287856
0.3866821210664259
0.37637056433123034
0.37311843367910924
0.3659650316968455
0.36110679900196846
0.35140558239650066
0.3414741266807149
0.31050921430527695
0.3086018115886837
0.30602846330678707
0.3001584463098942
0.29244574009370033
0.29122376495863783
0.2880977844080482
0.27950040259847725
0.2768215621718198
0.2737105848522307
0.27103977275864194
0.2674915733904338
0.262282219542122
0.25259085384772345
0.24932238398969941
0.24676121771806928
0.24548200344796334
0.24156105258490895
0.23686609001536124
0.23830647772687455
0.23481140766101105
0.22928574822455516
0.22568336450189044
0.22534145926885404
0.21999043686388337
0.2214763526452366
0.2142773324992519
0.21097680127150864
0.20998869592428293
0.20337942675856918
0.2010130478611282
0.19634675263157372
0.19582540197500084
0.1936116240906246
0.1912991659168222
0.1851072876944474
0.18270639393202506
0.18189781515098227
0.18004691713356372
0.17845748420948226
0.17677236904722005
0.17267585665528007
0.1707723598983741
0.1709618872920323
0.16707561375995797
0.16107210463113872
0.1606803975064506
0.15762632771010063
0.15970826889154602
0.15448127753634244
0.1496535800256398
0.14477608396944086
0.13882886115508297
0.1368633923397464
0.13375408622810042
0.13213633584327897
0.1271706257631588
0.1277580898157017
0.12428409301223559
0.12093545233178385
0.1181678201242898
0.11706225967149497
0.11476598934066194
0.11395453880470233
0.11062903345131342
0.10515025311689309
0.10423471689554255
0.10270519651011828
0.10093006882916605
0.10184907439202964
0.10156432867538469
0.09450963578559844
0.09341158801253112
0.09318114481140237
0.09317410890863584
0.09120548853390346
0.08939601180958191
0.08358940691929752
0.08610018650189354
0.08405039855981984
0.08338437411944094
0.0837539222755956
0.08228758281148563
0.08610377702818652
0.0790039310068541
0.07539294210811846
0.0749179945082108
0.07453469062361363
0.0763309480856215
0.07148601587930994
0.07208814351146492
0.06740564109367994
0.06182769302500924
0.06409180863180457
0.062317474884664624
0.06110561990854355
0.060048930276203165
