0.3521522255281658
0.3437000022234165
0.3154486039942167
0.3093481753657137
0.30636520061124306
0.28974403229474444
0.27800343327061344
0.26867355225216394
0.2610266831041648
0.25606799453960244
0.25303867569823496
0.25300291793274554
0.24628989101629517
0.23896064888011914
0.23459076727256542
0.23259634789477934
0.2333378294015494
0.23001487119673178
0.23181163313373387
0.22925171295438165
0.22761439176358528
0.22314297748981765
0.22302222837917682
0.22148732254531264
0.21637246978091496
0.21660318262691283
0.21592775057507874
0.21265060714232614
0.2106595760825486
0.20634617641881906
0.2065942053103566
0.20230971007097368
0.20148602959127745
0.1982723887215935
0.19992613053776337
0.1989562176114553
0.19590448281562664
0.19495471365325978
0.192358658640472
0.1916935328899489
0.19209419715604054
0.19032323745469118
0.1865080643511516
0.18556789469546137
0.18538256000657413
0.18805209381571092
0.18497877770497506
0.184236330021187
0.175888804656672
0.17650259092949497
0.17514027321054149
0.17435860350055293
0.17288530528717153
0.17329798213117906
0.17377030201636978
0.16760647843622734
0.17045134602968467
0.1686476561040147
0.16131618749491042
0.16727873978564406
0.15712098996888363
0.16382299419461227
0.16556475692601946
0.16141151038646237
