0.4097916215984998
0.4097709043572323
0.409590789512256
0.4095410373229665
0.40920265012147494
0.4085526365022179
0.3493626561504859
0.3429004969319176
0.33690065744973174
0.32656450028893236
0.32393992766499025
0.30232087958682313
0.29744240370721464
0.29684610152920077
0.2875528393738747
0.28129948742270355
0.2800586227391752
0.27722102589019987
0.27485666345097215
0.26969014876378705
0.26096246995575517
0.2564226630951552
0.25143939041695434
0.2481580218845169
0.24560978826090563
0.24185374305707882
0.23842700684163498
0.23625132517780087
0.22607743570861974
0.22636696699186162
0.22178153324960634
0.21687038859564753
0.21853495280388122
0.21611305284617113
0.21530194931941635
0.2117827121177479
0.2086039351451294
0.20573575465729033
0.20255705258259568
0.2007320327785237
0.19534407902787684
0.19132946283324576
0.17888652938804062
0.17766943536706165
0.17253841233954
0.16632681806198485
0.16266865310521222
0.15618457501886224
0.15682537549037476
0.1576016484675105
0.15051306780864226
0.15214254636215346
0.14970142492959904
0.145884716163372
0.14313125347828515
0.1435103568613287
0.14164612698606238
0.13836729003332138
0.13749396440741513
0.13610166835638268
0.134382660322917
0.1308978119037243
0.1277463801686753
0.1269564158243029
0.1258820939340756
0.12245319333740409
0.12056011333767182
0.12165185162083157
0.11568032619966118
0.1174084549531395
0.11440653258974466
0.11286772745211077
0.10826610988486497
0.10826789960026999
0.10685746595747551
0.10589139699578139
0.09842147319341649
0.09800657660200185
0.09496760484791081
0.0980675077843931
0.09404954503335809
0.09195114967891539
0.08939747557431271
0.0902370564994782
0.08847554367438605
0.08822207828058785
0.08475762401317817
0.08275056658454266
0.08024600562144647
0.08213235618117405
0.08190558040016395
0.07638260453022132
0.07657069141300456
0.07667399878274901
0.07398605114888766
0.07088007232983944
0.06837009069379374
0.07177194948648163
