0.4184714475997906
0.41833164023158237
0.4182417126995177
0.4181232868868928
0.4180865189457172
0.41783012610172143
0.41762165054246003
0.4172896655632335
0.41679466767316115
0.4157207861612041
0.41282054953669245
0.4052995404313371
0.3898138450698473
0.384618628595203
0.3826228274484513
0.3746821740786246
0.3661229386584323
0.35807824230555607
0.34885214817009425
0.34201401625126304
0.33332362475660465
0.32524397755432277
0.31469416297810443
0.3049497332717204
0.2987488344967937
0.2952941858261772
0.29230115210855595
0.28853245219624035
0.28653660008381626
0.2835694189202579
0.27917437563136877
0.27843707953277275
0.2766013596663899
0.27696447612769126
0.2732677353999722
0.2691629423358873
0.2688059412469031
0.26175605281111197
0.2623815701003082
0.2588726072992861
0.25643723362420867
0.25483095807979145
0.25461618529600755
0.25180962750716457
0.24965916661979015
0.2451914997992963
0.2449520312773831
0.24081977641286736
0.2409055420435298
0.23743894228345508
0.23695944169830838
0.23386840073592888
0.23042179146691666
0.2268234369386871
0.22927341264469253
0.22577106416699785
0.22275229375423886
0.22116703071477753
0.22025325530103004
0.2201958128538865
0.21455457567114541
0.21298443963519648
0.21207364808319495
0.20934643476791207
0.20895197873997162
0.2067564744543904
0.2009325513851119
0.1997256383265431
0.2014146383280499
0.19954694871632214
0.1942521056662811
0.19468958853701987
0.1899088678917471
0.1893762594734743
0.18410289186057097
0.1859033888393919
0.1842737812705613
0.17826311576487708
0.1794974309965781
0.17627399262570678
0.17392188484495505
0.1755645215854103
0.17034697144406016
0.16632349555692716
0.1670107538534448
0.1627546426437566
0.15986118965930937
0.1598151286727165
0.15515459630731485
0.15694386838201452
0.1538569216935198
0.15201192829353297
0.15060758719087022
0.15029485009286134
0.14911932388283025
0.1434716942984299
0.14309577901786874
0.14332440006523645
0.14033819704222117
0.13850738930095333
0.13517319711343828
0.13370287607762188
0.1315639589519117
0.13085210813962725
0.129311425830501
0.12812001462984876
0.12225222691062412
0.12382060098292526
0.12321256621885698
0.11731142520339033
0.11895898228547144
0.11726329965324073
0.11079272207653955
0.1148117106919158
0.11172899125601105
0.10880464150299358
0.10643599802410404
0.10650458757355707
0.1008328237247579
0.10105097471203994
0.10148763518433167
0.09831526992372265
0.09896225761764602
0.09632214257707933
0.0975635213899164
0.10094625732246208
0.09536932823802532
0.09469128018379462
0.0864290848080957
0.08813648002765076
0.0879912048408832
0.08572328624679786
0.08130168141338247
0.08375649259059754
0.08449495824963765
0.08126837140256112
0.07744526127037464
0.07907145943506258
0.07786530935717657
0.07449850240009506
0.07181378776528131
0.07369017658453972
0.09642018258285748
0.07456585575318402
0.06689131249402983
0.06680388545759089
0.0708916855324062
0.0682195497306612
0.06582978250300263
0.06358978677424355
0.06330391306672369
0.06261089305041093
0.06207039099891952
0.06370311175791232
0.05718829912291848
0.06112603701118448
0.0596450855102406
0.057875201112097104
0.05171814373240664
0.05375089289448745
0.05040189093849531
0.05257778810853388
0.0498883684260112
0.052242925640431294
0.0518431575855379
