0.41965645221333914
0.4196192464967911
0.4196085676184538
0.41959716323930196
0.4195125393164053
0.41950114792115517
0.4194301347510286
0.4193294159789628
0.41921818874705374
0.41902852948137864
0.4188111526642553
0.418410872501955
0.4170316501733845
0.4152939386834747
0.41281033481023205
0.41037860913956503
0.4049692181643578
0.4012099916746775
0.3954072887637324
0.3919835983158419
0.3897163288227462
0.38562986271219735
0.3796125937139392
0.3704733487303364
0.36741596138315646
0.36470244041173494
0.36146603016375456
0.3594167779743708
0.3564499690443765
0.3548180734772731
0.3507161588195098
0.3480690008845541
0.34841987755822806
0.3447120912151265
0.3427161061950435
0.3402654644845912
0.33560931965990326
0.3322216320742833
0.33134310298490394
0.3290716256360017
0.3189687351621415
0.31727981560836915
0.30889471474665264
0.30787210303414914
0.307353314080387
0.3059949912705245
0.30422285334140686
0.30162636159995604
0.2993285288208978
0.29929571658892
0.2945139173186119
0.2945145436953714
0.28780162595315234
0.2857147048674552
0.2839445993757277
0.28364018133593966
0.27961585367673875
0.2767176269289149
0.2768495070169177
0.27664655252664117
0.27427901089340595
0.2739452658290271
0.2687264961420285
0.26459997451268985
0.2648982779975609
0.2617516637048057
0.26365657961931865
0.26003227688666425
0.2602444276629498
0.2564080836868271
0.2568892800536695
0.251822741409602
0.25429250169278095
0.25032850827236486
0.2501048019028507
0.2486875646612881
0.24765155826684593
0.24664758143693236
0.24703495981538284
0.24290745107867776
0.24456314979192803
0.245144522959547
0.24115172435420998
0.2392369402359244
0.2441620946795122
0.2379017089060122
0.2389466012050496
0.2362266055532687
0.23723127786796205
0.23463087005847705
0.2327095570421424
0.2320654620308719
0.23359535795957878
0.22685250546820634
0.2323734808329561
0.2293093410829111
0.2299085721323345
0.22798822771855465
0.2236911368009098
0.22368840869908443
0.22671996908409017
0.21898646667623195
0.22340395641918662
0.21805223614827055
0.21703063552761676
0.21582409459173518
0.2137734006379971
0.21391252990686108
0.21428512479412937
0.2084844866894909
0.2100391740718605
0.2073831062285358
0.210672871976378
0.20981552782097604
0.20908515372911152
0.2037474542451015
0.20463950606109085
0.20251041111970738
0.20486999468289152
0.20143914995403403
0.19511986049561425
0.1960520931583958
0.19455301959053323
0.19395423984570015
0.1874126055736082
0.1864227877147254
0.18560679094962887
0.18538115825713045
0.18027270419390162
0.18520817732774245
0.17872080591111197
0.17689088621063576
0.1736710562345598
0.1717938692104165
0.17101336408534343
0.17045190880998537
0.16720222474438826
0.16423821009496886
0.16240385526711232
0.16541368453960376
0.1606425366765393
0.15898131743900962
0.15708934104399766
0.15700237549407137
0.15439622071121656
0.14898660186126092
0.14881267735678605
0.14736070837774295
0.14864338037304464
0.14545573190634334
0.15196995698222063
0.143923124649035
0.1417689577326524
0.13950764640561045
0.13997150305547512
0.13892024925410731
0.1368781357936615
0.13723701357256549
0.13427371249703926
0.12578305112920846
0.12974631410285706
0.1251383456687712
0.12654426315835396
0.12585174059288842
0.1308263458377186
0.1250336296926598
0.125310294262722
0.12183334953043652
0.12050035989031042
0.12178011408259604
0.12088863974238917
0.1165108889326521
0.11721616091511089
0.11384539168738596
0.11179110756934107
0.11385962456484969
0.10777669772329301
0.10896567067816937
0.1087946673305777
0.10891330971225174
0.1019003050136536
0.10252368094887009
0.11862706980124756
0.09800470142783436
0.0973880876082378
0.0990359365581261
0.09717795854865696
0.08991160939708316
0.08712126512370816
0.09297577303326687
0.08727472970533386
0.08817859751702539
0.09424456382538272
0.08350439074464501
0.08084463098326675
0.08213828636976997
0.08164949362811516
0.08497834157533084
0.07606831200366047
0.08692623603931761
0.07964991855865051
0.07805494068098433
0.07742990693702806
0.07368748875056938
0.07542533291432481
0.07316242833003259
0.07398219559312989
0.07151175987536933
0.07314397002417718
0.07323021208098396
0.076305901357073
0.07965950080577396
0.07638659832365335
