0.4110843329138772
0.4108111693609449
0.4106851267194896
0.41064895203984664
0.4072290767284027
0.4040681589271767
0.3875609632715883
0.37260079473923213
0.3493615168193425
0.34850357177272717
0.3471394892682205
0.34096828766925735
0.32420672021687846
0.31412942683239703
0.3117319694819755
0.3085005078203941
0.3019424558833574
0.3011109014885347
0.29676689828556163
0.2911971406788608
0.29078193324335827
0.28784508366707634
0.2827509802774171
0.27528743429222147
0.27148206641222633
0.2604607296318157
0.2603783739847424
0.2551431730534275
0.2524012839552809
0.25103893845952685
0.24332856784983048
0.2387713654349714
0.2353267231400152
0.2315061579386756
0.22690719939464638
0.2259625654056076
0.21953906418779945
0.21793577575729745
0.21630876286618175
0.21425858506294396
0.21019803688457536
0.2058096256952288
0.2041777687431822
0.20251905686676314
0.2012743218762913
0.1992091546000867
0.19463528692893026
0.19244144393947857
0.1912163425949536
0.18634890230160306
0.1836782392577592
0.18011975023114477
0.17885818876947465
0.17687093587557842
0.17600124978756468
0.17342442298529182
0.17008104137755728
0.16678610391088766
0.1652993906738034
0.1608062425542508
0.15876073196365983
0.15640012259048255
0.15459091095699662
0.15137228882197687
0.15164768957848637
0.14705127241012333
0.14110868815744881
0.14111007923669913
0.13863005058179143
0.13557533298362903
0.1337064183125235
0.12997959752504426
0.1287203124702042
0.12913744754480858
0.12576610611965083
0.12714468900112574
0.12050639475389098
0.11955596658177858
0.11408912720366768
0.11561185996099775
0.11398633225703016
0.10868716960700299
0.10947407830170237
0.10989878308140101
0.10314579414631252
0.10503967982454322
0.10435442755246975
0.0991084369372804
0.09500261270266179
0.09455337454166976
0.09089441296728032
0.09080903296132234
0.08577088502619269
0.0887095070843484
0.08549688762681701
0.08332774913049881
0.08291962895978723
0.08066160884164843
0.0807006597409566
0.07634934592792766
0.07356977818930352
0.0782667917720304
0.07285460647753589
