0.4092176123624511
0.40912091056621513
0.4086961768277073
0.4032606701971466
0.4001669875972868
0.38242116127253084
0.3762230931212957
0.36488900402354085
0.3532802231108418
0.34509928538496065
0.3429751066629552
0.3377528150886478
0.31985915251302616
0.3152946375843058
0.30510764187391193
0.30005311822211117
0.29779483203973284
0.2885525888655357
0.28547522413201576
0.2836212617448744
0.2831136620857052
0.2760202587163188
0.2741397016779757
0.26957060048737325
0.2668086491638253
0.2590738910523731
0.25713130669871176
0.2522649313926357
0.24857886528387713
0.24181577073246088
0.23527191848429954
0.23231894002101736
0.23020734493223471
0.2271727079666292
0.22405196939205863
0.22123872368790878
0.20810965738802198
0.205729888898568
0.20289805877130232
0.20292760965044038
0.20329756701680657
0.19878916170540853
0.197645225351285
0.1931977025135348
0.18999047943607109
0.18627795249323784
0.18514316975953818
0.18228009834712156
0.1777875042734419
0.1755778151426991
0.17234408278289212
0.16845953944449663
0.1675784596631872
0.16612865124813303
0.16127113003904284
0.15780438980262554
0.15538652980636838
0.15641004104514028
0.15235148587500388
0.14855298105935255
0.14777838936467136
0.14351220453903946
0.14011642415098297
0.13767365458236286
0.13536262224308193
0.13609182770326542
0.13365479892433277
0.1297491092714904
0.13079060195603795
0.12429481517080455
0.12479021510079044
0.1186994380402902
0.12398418308870608
0.11869277657340274
0.11873331360914012
0.11696333261203706
0.11086886769237286
0.10971003796395322
0.10783445699399342
0.1100134208293994
0.10818363665361068
0.10642375497472967
0.10324422213830055
0.101536713827337
0.09998570109838963
0.0970442629245352
0.092135936485711
0.09463189884080296
0.09196682262382194
0.08846945039897505
0.0871235443694704
0.0851690048481792
0.08203461375535546
0.08180252958278697
0.08093124158042186
0.08100128549596841
0.07729609383950017
0.07742474440766516
0.07304158645019145
0.07072939065191801
0.06827115941988432
0.07100567021713634
0.06852996977358988
0.06961228571101939
0.06954108653303806
