0.41207925900942083
0.41191456317487846
0.41173698457986746
0.41163065328863835
0.4100831614832468
0.37633423063751703
0.3701432613225294
0.36934606724249924
0.3655214167886703
0.36243718993288204
0.3572016701167698
0.35313990750241164
0.33363558059986526
0.32443714881769803
0.30693730371798983
0.304968300503303
0.290881238354158
0.2802339679408829
0.26974817406869034
0.2662713572075241
0.25878646070014
0.2562142561705895
0.24588131815251527
0.24352866158966952
0.23848308239384403
0.23508692733685685
0.2309450935504347
0.22761000496523556
0.22482208568814047
0.2213118136321391
0.21917677984994838
0.21253297996684137
0.20943998555561938
0.20866687425258193
0.20581221432421848
0.2009676773162105
0.20100739875779797
0.20216003903727076
0.19521667469436743
0.19481639188034552
0.18925769947469562
0.19002656034513882
0.18670994756993092
0.1845146505582603
0.17905423543967375
0.17596646285852233
0.1736059527023337
0.170268150474767
0.1647048435640426
0.16492636090685825
0.16167603068032166
0.1583355136357472
0.15747521345617957
0.15526100628463538
0.14998260043725753
0.1515022416444581
0.14692498571039636
0.14451819675525185
0.1427752902180457
0.14197638339782048
0.13910601526896738
0.13673538781481967
0.13485953078459811
0.1348764666949031
0.13444898488252913
0.12861032247559334
0.12735655121011236
0.12498980998648831
0.12716819975378393
0.12464095203227718
0.12336811048928463
0.1186793893959765
0.11537634046906353
0.11321224081216763
0.10864450749151149
0.10581989027817419
0.10377180576235137
0.10257945979144352
0.1065689705857216
0.10285902889375158
0.100485170821049
0.09741115769439723
0.09543989118810814
0.09793613102359747
0.09620800926146565
0.08980534317501668
0.09473194485732427
0.09095512480778885
0.09148578190720001
0.08622061091261868
0.08522155037571501
0.08445362516018913
0.08460322731496882
0.07256935387307942
0.07589149043062708
0.08021462182539066
0.07935334512239967
0.07968159788740424
0.06846300284536205
