0.41961496902963213
0.4193490413532783
0.4191585895937115
0.41880892186843716
0.4179399676898733
0.41158953200807763
0.4097538414617804
0.3920801626031457
0.36331383745697016
0.3607839357888825
0.35847502356572186
0.3557752699274573
0.34076135679874575
0.33434834021523213
0.3310085463219409
0.3231684497343257
0.31503879616583924
0.30651514411712993
0.306390860949684
0.29934935129331713
0.29856764914895156
0.2973494291865583
0.2933791656808886
0.2830351007088999
0.28134523110240256
0.2769649816791841
0.2748356635559321
0.270166624486472
0.26791876339174225
0.264701499025238
0.2634766552206868
0.25772339425480706
0.25780427998256905
0.25566108555100786
0.2489542966102417
0.2425815177655645
0.24181758006318987
0.23218155574116886
0.23490297646806374
0.22729678185460248
0.22147027447970905
0.22269065825034337
0.21537357195324044
0.21266366473476875
0.21166226912446645
0.2061427357590386
0.20365721953396745
0.2038000705477977
0.20045655817339744
0.1972795164275827
0.1897708399330844
0.18575442701577904
0.1822929504979527
0.17417577390491726
0.17756528936682034
0.17168637458384794
0.17103713256385417
0.16716117122124546
0.16541672335360477
0.16551145023735978
0.15843318578777313
0.16208700581423788
0.1481736830532938
0.15663876294641432
0.15305634946105393
0.13977256084970624
0.14260850140631856
0.14243538795684238
0.15598505774866542
0.132398637987681
0.12889695275484409
0.1274100670692911
0.1305798459360072
0.11672738670686807
0.12227206109730657
0.11810941384478539
0.12053131942816141
0.11380632794138096
0.11945712587323142
0.1117117679649964
0.12008719210187496
0.10884661826415373
0.11609767182747754
0.11915684641266304
0.09841084426304766
0.10267940170289183
0.10098983582295212
0.11459985768408872
0.09376294335367077
0.09017554387216649
0.08772924652834646
0.08640561483345666
0.08579644546727762
0.08011896303231493
0.08875773603981389
0.08197472805587606
0.0979983005901828
