0.3980248739204467
0.3947235855491525
0.3832164595178427
0.3748316181380723
0.3658907673427065
0.35840145201737167
0.35536746220567006
0.35150541432757654
0.3484928581922314
0.34667766475510653
0.3415532049958881
0.3400010782657307
0.33162601817526327
0.3320201656381956
0.3284835397387224
0.3249071392942676
0.3261246896894013
0.3217593797981704
0.3182462866125771
0.3175465283331162
0.3122173364395095
0.31115348355504874
0.31098126471369625
0.30650458408208386
0.3058246890702056
0.3035595658684308
0.302099254578828
0.3000058411733807
0.2990401932106782
0.2982416395051405
0.2954702271996758
0.2942553628153112
0.2916014794677456
0.2906681945177473
0.28821554965201857
0.2859327796011552
0.2855964342598882
0.28432074857474443
0.282284940870374
0.28180132050233464
0.281288891105369
0.278973707282637
0.2781677521787464
0.2783593996764117
0.27834083108824714
0.27682851666491104
0.27445828404456946
0.2727283137244002
0.27425319092337946
0.2716736544714167
0.271531924563114
0.2689761418969442
0.2689150766035564
0.26752089615228647
0.2674678974712496
0.26684148858923706
0.26356280549118066
0.2653491948907231
0.26239774241963026
0.26325324963444596
0.2619318371988214
0.260560460135021
0.26022651248883766
0.2586439823856817
0.25843243544172567
0.2579887750134982
0.2559451957839447
0.2565144482987234
0.2559579769353809
0.2535930231646624
0.2516968649153838
0.2503701909752476
0.24952722391346643
0.2516716041296982
0.2493532076395011
0.24555911500249197
0.2482166687835161
0.24772387312038813
0.24657686599104042
0.2429540322803017
0.2451039382113244
0.24272553593012836
0.24185298723420237
0.2403861441561714
0.2389529263186904
0.2405121992739226
0.23941521434595645
0.23781675703077737
0.24053047969601435
0.23629276539213342
0.2355588917294722
0.2351716697238559
0.2336607219616559
0.232669540467056
0.23261072857465762
0.23122435875872474
0.2310872840207672
0.22954739615943548
0.2303991935620873
0.23089335391232765
0.22829686057515777
0.2276299144153016
0.22721296746536265
0.22650742597255594
0.2250035718418719
0.2246529231555742
0.223782011629276
0.22270720288185275
0.22115529289068608
0.2200422668270133
0.22089808667960084
0.2223660173692641
0.21914293556412986
0.21879108942330822
0.21821242316038222
0.21789127061626756
0.21637644756382954
0.21582963475456687
0.21341235783509102
0.21425765475137842
0.21303322220280496
0.21302858128413105
0.21110178983053074
0.21108226351530696
0.21028175409029357
0.2101052559038525
0.21010237753400862
0.20927814021660596
0.208617059902414
0.20924999600944938
0.20763323750799886
0.20734698709383473
0.20597731589612828
0.20509571463516593
0.20495782539470733
0.20295669967227617
0.2030696378097211
0.20254320564977202
0.20259004109526357
0.19967668482864825
0.20008936091972673
0.20060559571911676
0.19838858594860045
0.198852279069667
0.1984703798170641
0.19771855199986066
0.19504543345400602
0.1931712251821877
0.1951358217242736
0.19570117112756713
0.19307140740068005
0.19385098752208466
0.1930423352730696
0.19095791080116098
0.1903249880599915
0.1909975397107614
0.1888193305998957
0.18930516302814557
0.18887586767678466
0.18975600909260054
0.1863146160444924
0.18698317835446032
0.1846804255436624
0.18421344088334107
0.1858209644894052
0.18482195870614618
0.18331326508566323
0.18560092950073143
0.18121133021586108
0.1815229851223963
0.1807972162340726
0.17987816087607789
0.17920948478757204
0.17745631470229406
0.17837341646266058
0.1780817883199613
0.17639803225388914
0.17641798389871519
0.17600018885699031
0.17399678608839378
0.1757183723210897
0.17323498602537213
0.17342130785949655
0.1713271426947632
0.1724534970000731
0.17182553040611495
0.1703127898821246
0.16911247083896122
0.1687289320260934
0.1675188988519827
0.16586672819814802
0.16726365675104277
0.166334797083686
0.1661035275510879
0.16761609663416424
0.1644544629087568
0.1624762773433821
0.16294864812030374
0.16427747443619642
0.1623749404598451
0.16130653989999788
0.1632713182138264
0.15985245910990922
0.16102517215116957
0.1573403161092985
0.15422427515622592
0.1560157118753511
0.159347174803977
0.15229029734145935
0.15519629095716136
0.1532820332336416
0.1530781021384802
0.15326352258077225
0.15188863491564036
0.14977032454446987
0.14900833424342833
0.1494412385991005
0.15106285050813115
0.14741944935285017
0.1462379551644959
0.14501360876185704
0.1457628284146327
0.1445294630084183
0.14027805878455843
0.14343769073938378
0.14147437910795196
0.138446240971738
0.1387337429516448
0.13924538672157166
0.13966399897353354
0.1378030376566549
0.13931255384794236
0.13680241853650807
0.1354730938222727
0.1328750629639424
0.13489315881198047
0.1345026463698547
0.1313480814268142
0.13545810548469572
0.13254116485745004
0.13083289083920688
0.13088835578767205
0.12722182453953096
0.12909067792675138
0.12630452197563827
0.12657118275788876
0.12523081497162417
0.12735908977531066
0.12387554859254211
0.12167734791333373
0.12247489198780268
0.12140086919144692
0.12086564128402862
0.11937593047818523
0.11960530960727771
0.11591063638028336
0.1182810421679937
0.11739860413337504
0.1144540966233283
0.1163968048947702
0.11455080508376389
0.11321997102966676
0.11346161724864898
0.11281033075676161
0.11107681145948495
0.11255264164704039
0.10855637749289833
0.11009524052755838
0.10940258017998224
0.10672120935597494
0.10658142127847248
0.10568884173151483
0.10566253101478522
0.10477871645896462
0.10168718578768429
0.10642884170944282
0.09822635277287298
0.10204095960006203
0.09979765764427725
0.10009508667967408
0.09862376222278858
0.09869438836528156
0.09925596396190443
0.09557580869873374
0.09571776778595253
0.09552631394085476
0.09286706175478991
0.09487802774900189
0.09203664001209326
0.09402407716864837
0.09214294702978025
0.09054319135843124
0.09015825500769216
0.09158589802508586
0.08724109446983047
0.08702834158748335
0.09021541394165226
0.08733818608921261
0.08533929705925174
0.08265059494623353
0.08489741814225772
0.08671348787480464
0.08337251944597336
0.08124619078182019
0.08195995537695493
0.07961520406920378
0.08145041734599454
0.0821840633647648
0.07911583292410491
0.077745141296546
0.07723411175477311
0.07608586529484178
0.07161475172965141
0.0776685679282502
0.07426405701804355
0.07522125695374991
0.07484642203482086
0.07210909095761114
0.07145876723685862
0.07081679179295386
0.07161731926976564
0.07383992745140225
0.06940041738899894
0.06866140836748581
0.06884867768641313
0.06983647840992342
0.0667809354163294
0.07089931882806912
0.06670730356190203
0.06574733146454048
0.06566483134755202
0.06622214505031965
