0.4139445998224282
0.4138897706597029
0.4138312696168063
0.41385876941440974
0.4136758363559999
0.4136088442721419
0.41336994624730333
0.41326245856596405
0.4124562330819738
0.4115199329078892
0.410751476532887
0.40867391814782095
0.4055434366091845
0.3979154381007872
0.39425191804567583
0.38466406977092726
0.37833811287172114
0.3758743449972891
0.3761422794637401
0.3707079450438933
0.3686976018261821
0.3648596285835877
0.3606233105280604
0.35729014745032295
0.3505876870012126
0.34823025753349507
0.3383030439803416
0.32656798606655696
0.3092557186679229
0.30615136322772035
0.2978008407714056
0.29713809012561265
0.2945659032870526
0.2900807722466904
0.2904959485873613
0.28916156106536695
0.2854098111010949
0.27883987355545925
0.2721280652979295
0.2660846869920387
0.2601062536092496
0.25988577684035025
0.2568971402226504
0.2534086507675563
0.2445523008156939
0.24278033996854884
0.2356640121730423
0.23354426151877267
0.23222453032072485
0.2248879442692948
0.21799626848198017
0.21362933672529655
0.2048766383326931
0.20516777301961214
0.1974094962653061
0.19916962340375924
0.19492751990608378
0.19100359741332995
0.1923552970250009
0.18707789289015317
0.1798335446754402
0.1783347046942254
0.17092402342159535
0.16890164476758823
0.16926048435771637
0.16342648146127842
0.15916673565043676
0.1548445789680406
0.15616802164268984
0.1544623157113756
0.15279507100011103
0.14576309750508598
0.14678786929117305
0.14304925786042672
0.13868573371208487
0.137637687714748
0.13094763178407012
0.13245207664358782
0.1270690316841355
0.12691176646618335
0.12935180353229137
0.12620488893689644
0.12361661773797564
0.12009248181861748
0.11518095012280934
0.11824147143197437
0.1152239562123376
0.11543528117613007
0.11410690683694938
0.10465948566176832
0.10179616032093308
0.10175837340099837
0.10093434446108854
0.09715748983009335
0.09706297642960858
0.09300864031734316
0.09051351650611875
0.08529070794242603
0.08626321597029374
0.08015750906035929
0.0858735230806037
0.07959417016939623
0.08030642667613114
0.07618886245231328
0.07522264819099997
0.07356621872953624
