0.28964429095164085
0.22999693797227036
0.22058171760248574
0.2193479259375482
0.21636996243319642
0.211123183199391
0.20322506438713384
0.19685361355664044
0.19313310954041082
0.18735450232083936
0.18128163230779845
0.17964474281133225
0.1755915526530509
0.17253601075545005
0.17213287992813073
0.16917466922648233
0.16670755126619977
0.16441756645203495
0.16341091312812434
0.16024076902807233
0.15848009360411042
0.1556424668220126
0.1535602160546795
0.152757432742376
0.15134380714108178
0.14772119340710668
0.14684641822205036
0.14586247566045232
0.14410490827118352
