0.41833681510315934
0.418327931827759
0.41829852576514664
0.4148636244780579
0.4139396282728718
0.4130201051720909
0.40258638906204286
0.3965551158770882
0.3905304261412487
0.3831611227191484
0.3780369773285256
0.36047489984621595
0.35929040108256366
0.35925796467911575
0.3557484936183976
0.3537108507634661
0.3523874391845829
0.3518807703818369
0.333723118459505
0.31524647842333914
0.3055798086711591
0.30053738625710885
0.29512457639969564
0.2906488299144702
0.2699988404167041
0.26734770051123347
0.262441824363083
0.26021864227505864
0.2582319496549577
0.25467230307117683
0.244752191753175
0.2451702104925686
0.24350368776994075
0.2376096314209118
0.22003922215459715
0.21857160376922322
0.21746561137858006
0.21465361562422702
0.2107454586065299
0.20311121324314396
0.20392703629167477
0.19819034181646797
0.19537518785092897
0.1891091401594024
0.18865199819593223
0.18678021319705415
0.18726007311795065
0.18458845509608904
0.17829914104773875
0.17604566545262904
0.17045407615065672
0.16819265041085638
0.1643435962733075
0.16254984949536166
0.15599362353865537
0.15256122698848507
0.1451696790099801
0.14434900938110318
0.1382574204238008
0.13516185860734747
0.1391578776942439
0.13429987658176246
0.12995354592163635
0.12866436473217038
0.12729260741227647
0.123478939451728
0.12093703044982365
0.1197499601912117
0.11640216439869185
0.11497468262051708
0.11288428576571512
0.11044033685872084
0.11061225202578094
0.10623023434968588
0.10771546416338942
0.10615590157278701
0.10137731679749928
0.09941613813379366
0.09995076817206411
0.10184180980320032
0.09411047808294411
0.08976019227387387
0.0910776082105318
0.09466874246156617
0.08400056235797614
0.08555753134617118
0.08544932829367655
0.08238449677145436
0.08124255752009939
0.07999419575747692
0.0784518177001669
