0.4216816991063016
0.42165832094625505
0.42159187693365785
0.421509613094226
0.42145443630864615
0.4213145646017964
0.40226448424434846
0.3828397220253291
0.37789159779418524
0.37572233758358303
0.3739249397841212
0.3618110842894828
0.3527216914369183
0.34100468446304044
0.3350109734262849
0.3230799874198707
0.3174991611275501
0.3107285254487757
0.30523886668149175
0.30329858112541436
0.29878288534966413
0.2927055588760863
0.28676852677685993
0.2847256188354691
0.2822785900052435
0.27877657636454056
0.2795679232177665
0.27846708127045294
0.2735047444220842
0.2731389226798745
0.26764930491263467
0.26619796741098906
0.26204825346037264
0.2602279236862996
0.2532697228893197
0.2538516636277334
0.2499214751020432
0.2498886906612474
0.23994636062513344
0.23755338780482738
0.23497319688915413
0.22683871538195327
0.22641843156899888
0.22238621729562233
0.21917716292091916
0.21540863364422463
0.21042506763541502
0.20541154042411805
0.19869793243700526
0.19790687017301095
0.1937608432918579
0.1932439116349951
0.19086157934580916
0.18890836529601696
0.18605574228851357
0.18411393835703416
0.17717857280318058
0.17958615261093422
0.17801952826793957
0.17522026164502524
0.17018710845476556
0.17070106930633266
0.16683009975500113
0.16449025960656932
0.16099365959771872
0.15607822922086473
0.15617421442475302
0.15316974575021317
0.14420070599426524
0.1474439931195144
0.15003007383527742
0.14049507575911682
0.13987935174532082
0.13410413003645616
0.13274202846705685
0.13621054953928474
0.12923024669995553
0.13723056271347706
0.12996973708402718
0.13597063585356492
0.12563555055853268
0.12181635561707778
0.13092821189201603
0.12422215736590546
0.11246011550473453
0.11869377224196129
0.11291336409590766
0.108809104569801
0.10831429416171816
0.10965812310008552
0.1033346423433148
0.09978501907811504
0.10266702766987605
0.10067757803734616
0.09828074592373028
0.09678372578879343
0.09362626706956778
0.09395432739395033
0.09666851507539599
0.09676194077350382
0.08636518228116374
0.08733198413854923
0.08871694029778483
0.08677778835810282
0.10543150964804208
0.0906108794377218
0.09320378904807722
0.08479859184795663
0.07813955981246447
