0.4186039269759655
0.41834499663324015
0.41825202371419246
0.4182867633738123
0.41806263967484747
0.4175491404358104
0.4172597416500217
0.4090592059344476
0.40600405424682673
0.4031851006494668
0.3810708949234875
0.37396145773898815
0.3574724433613653
0.353304191852829
0.3496300896335459
0.34090171227211297
0.32897439395171685
0.32547514928246307
0.3080911277611574
0.3047369382725361
0.2953674573909366
0.28764240476245545
0.2837165812008051
0.2858193689584034
0.28127114001451414
0.2773732286621036
0.2745440894054928
0.27328880679635204
0.26792971396131265
0.2672965205848985
0.2625561153964249
0.26181199440055203
0.25804544566382553
0.25635943328613253
0.25173551278637923
0.24206302290878226
0.23906728608346656
0.23379498064826168
0.22892410884149983
0.22618626424738358
0.22312105269820137
0.21824436511218884
0.21222407438956858
0.20967997456690138
0.2066422198651987
0.20572019288881788
0.197540271733587
0.19629887873249538
0.19251690852200926
0.19093235901279798
0.18485116180822678
0.18290325352842038
0.17842165007040994
0.1786603367135296
0.17541592841746745
0.17289278636314584
0.16915472365690826
0.16587334040123836
0.16265066853906068
0.16068099553011742
0.15846046396806188
0.15531665016741772
0.15246898137581308
0.14775693469653362
0.14408214135102118
0.1421351263577089
0.1413605794149271
0.1340633966985676
0.13402559619649337
0.13153271849410572
0.12584483653219194
0.12753630634234864
0.12546475265569237
0.12117455304858546
0.1203448021126983
0.11708870226717918
0.11522111278789335
0.11593634123366585
0.10977492379439352
0.11048425880289289
0.11124779627226226
0.10655733763504974
0.10466778267985025
0.09962172568392778
0.10049265919313585
0.09791472385580922
0.09839452788844791
0.09420357690442042
0.08920597824873654
0.09244122323416168
0.09544617434697539
0.08920030204408154
0.08994909754456254
0.0868884552139796
0.08714783326804572
0.08348329450245813
0.08681816783052744
0.08413995106392613
0.07962874516983315
0.07899852542860486
0.07989497096024452
0.07313548556432284
0.07749865474881808
0.07691750154981443
0.07348338558081421
0.0690066760418974
0.07172178783735095
0.06975283359372077
0.06873825584645205
0.06289165670588862
0.06700561375698155
