0.41196345933636763
0.4119311711324542
0.411825106179835
0.41145548119481884
0.3855040457438351
0.3568194403878036
0.33820129775022223
0.3347347685309116
0.3296195891411489
0.31291164008080186
0.3020455923348017
0.3002901193106965
0.2875366759456621
0.2805344730475613
0.2685677957884962
0.2699938645309583
0.26809089044177586
0.2645566370667336
0.26404448705436734
0.2629669146696648
0.2612008508269074
0.2539426438189118
0.2509958755821647
0.24603534226946097
0.2442594888933309
0.23992730611597643
0.23704312435942962
0.2351594538841037
0.23253775925951664
0.23000002563152427
0.2270474168109037
0.22216497036859773
0.22045160359225965
0.21342797098792501
0.2060398427986378
0.19807442790221366
0.18864879201378096
0.1886676874451445
0.18509982276801407
0.18265519030977018
0.17605113787667884
0.17684014901344658
0.16964821485304452
0.1565763751797463
0.1523821948759864
0.14417610138168796
0.14280809075670436
0.14367603789048253
0.13289537226781215
0.13592303773212677
0.13065071776404918
0.12681553156220748
0.11915323617277727
0.12146535710046537
0.11551679812977567
0.11387857161870825
0.10500113051303213
0.1137904119290363
0.10901568946743416
0.10446949746506073
0.11306118481148446
0.10354094990690628
0.10667555712103398
0.09990077081579372
0.10710628696709767
0.10003069822042907
0.09823780514673672
0.09132336624342496
0.0935368860044715
0.09540510580881932
0.0933996464929644
