0.4140733659228829
0.41365333137771476
0.3856388854620182
0.3722622644095089
0.36700168776207237
0.36202961924543675
0.3513399708134703
0.3495763693311218
0.3413286398110432
0.3367719193758866
0.3327832459198724
0.3258481559291579
0.3084547285234062
0.29375740168643344
0.2899044720238714
0.28347156280837327
0.2803343922032752
0.27559618549320714
0.27086967395470024
0.2557806838714678
0.25617074494329123
0.25042774304314996
0.2454933139752646
0.24302600551498632
0.24130963186295082
0.2381397824346067
0.23592525089988964
0.23471651317861617
0.23228583895964725
0.22358885242773685
0.2222785859013233
0.21835919156226358
0.21763585179118322
0.21699451734417202
0.2098293173435135
0.2070428595074597
0.2036724291911308
0.2042217985692728
0.2004404803602134
0.1947276436762438
0.18879793679931325
0.19049752606237033
0.18292878025903914
0.1772188663273202
0.16957696518740134
0.16838239560168128
0.16603772278477125
0.16160876968237955
0.16058448099668135
0.15329468833061838
0.15022250227811323
0.14762436803596432
0.14594880780780412
0.14310944955038915
0.14025219033557193
0.1347727007501854
0.13533307341561304
0.1304638814205608
0.12977776464214377
0.1298315435910855
0.12501867632151514
0.12660068814521624
0.1190722029067108
0.11912966745222152
0.11922007556571598
0.11434506823190896
0.10904108004276511
0.10565487783102412
0.1093251502394826
0.10822681136638405
0.10323894583732755
0.10104163051073993
0.09601786103977643
0.09696247942890412
0.09431223296869336
0.09588787292357312
0.09293679333998837
0.09167749090529674
0.08580236894871028
0.08583890074006294
0.0837901059157015
0.08273873058832229
0.08274827034718273
0.07996486508120948
0.07670103924040853
0.07744062383012168
0.07441073822244422
0.0754383993992656
0.07800333379000605
0.07424885018105505
0.06967194819440448
0.06709566370095363
0.06778315005690166
0.06690568274805699
0.06497763885088498
0.06273470340538596
0.06248346004083672
