0.4073210911674551
0.40661912961250407
0.40578809862387355
0.4028476468916257
0.4001305970011029
0.3972051286494083
0.3862233254682761
0.3763934240263619
0.37388387831319364
0.36963428346174676
0.36015236162944686
0.3553006573510439
0.35188728665280816
0.34583598547613154
0.3401554697114115
0.339544754936785
0.3227737708178301
0.3215073392769451
0.31308057445523807
0.30806119562032463
0.3081488347741641
0.29985975222381545
0.293965375490356
0.2911540569925165
0.28675651368367827
0.28280691272966474
0.27195571988039746
0.26511088798900423
0.26413459827267566
0.2628202917249134
0.25598076791213414
0.25486923917878834
0.25177796457714413
0.25199574072245534
0.2501059320475666
0.2422891930484622
0.23830495448950245
0.2404770319907628
0.23751367762967077
0.2374874835225588
0.23390354752716042
0.23047654341624021
0.2302725245636586
0.22597321253171382
0.22286995175518107
0.20866502734711498
0.2044908746813247
0.20026018421835265
0.19934990024290336
0.19564359607346984
0.19137851701443476
0.1880107498887954
0.18530946402650914
0.18356271009285907
0.18323204701647106
0.18097582558275674
0.1712702093272055
0.16672261531848068
0.16526636738444944
0.15983229749065533
0.1578788864803743
0.15516590053527607
0.15300274870940597
0.1462704416377569
0.14550890304356112
0.13996945773544195
0.14153236982776604
0.1391485764889715
0.13514875862729753
0.13309349879744217
0.131007204866438
0.13084873802807093
0.12459914227524668
0.1260973078286167
0.1229361566259429
0.1260810193407108
0.12046831177004641
0.11991775388102974
0.1145627303994129
0.11189408398950652
0.11305831059100514
0.1084372232941926
0.1088992297765167
0.10415784226830094
0.10214199694610533
0.10637333052503235
0.09908502318641704
0.10536315287114176
0.0966640031380824
0.0965107287423549
0.09336687141317793
0.09139155954007117
0.09517206381586436
0.0917418974825196
0.08660592456947164
0.08177433394017179
0.0808052947697393
0.0847353913502768
0.08418137995553286
