0.41027425942939993
0.4102369629614307
0.4099657829073094
0.4098689491051321
0.408687786062191
0.4075785620317776
0.39399435616789114
0.3636994195280948
0.36376011031054917
0.36234949344121464
0.3570283020136567
0.35562735570721304
0.3541945393706538
0.35307292968727155
0.3455019665520418
0.341545280519145
0.3340604693806126
0.33186956903178383
0.3143117028867566
0.3049720829118989
0.3009619147796199
0.3001016360039907
0.2938895624037189
0.2900541307982441
0.2865865058653114
0.28435124842135223
0.2829650650407516
0.2790094439714176
0.2742140176075305
0.2682079104616916
0.25957167745183735
0.2569123452875746
0.25380287548734565
0.2507135967599868
0.24958187815378
0.2446516483838362
0.24205204421184773
0.24072170212887958
0.22602126845891887
0.2243046395986698
0.22280093754619062
0.22070004984522515
0.21735102589580918
0.20285545952361855
0.196097860355713
0.1927638607338496
0.19029983688976984
0.1838263297028606
0.17351338498235688
0.1700961294244502
0.16516075346141068
0.16311454302908404
0.15802048665787088
0.1601202414518594
0.15505103115065189
0.1550314087037695
0.15141421311020956
0.14302510899620502
0.14310077467192034
0.13750594013762382
0.13412026884969916
0.1353431373564602
0.1289370427870835
0.1279439484429112
0.12588655109874908
0.12485165079132914
0.12036190456125272
0.11860347330011627
0.11610079610001563
0.11723347002471475
0.11300829159165597
0.11330778800047049
0.10886384234099855
0.10735464227404824
0.10412188164691326
0.10277983492064212
0.10229974671278914
0.09896666481274806
0.10035252064813108
0.09525921930111211
0.09365436995283266
0.09392560247325527
0.0924571955955788
0.08845125994309021
0.08619168122831256
0.08363966704081965
0.08858874709139566
0.08454554505477153
0.08043028955182772
0.07727149835088482
0.07955392608141522
0.07474382077211739
0.07824034800889157
0.07625632133547677
0.07190972706020657
0.0693446310728021
