0.408378671273948
0.4083235932207147
0.4083210271710554
0.4082906244523986
0.40818399854132975
0.40800833722061175
0.4077229257388103
0.40734506006519833
0.40689887306834566
0.4024194480821134
0.386815238688415
0.3825539797374995
0.37688966845205746
0.3735523451464326
0.37086693084695865
0.3654317384933185
0.3610097255017014
0.3561542402242613
0.35379431828130187
0.3445303307933478
0.3369269302121757
0.3246922106928183
0.3196876607728313
0.31624839524987186
0.3049911898541643
0.2999726911930601
0.2945587099258305
0.29315593694722175
0.2913004691394885
0.29078048536993156
0.282844380055978
0.2806528464520937
0.2787161765566141
0.2777211758691146
0.2772195389807102
0.2758397580095449
0.2647000032235202
0.26150349686990354
0.26031577871076855
0.25580491207453276
0.25654260921559663
0.24757106773014909
0.24778443977885944
0.24627380744924754
0.24260255803838593
0.24248922079424182
0.24211741366651351
0.2384299529071155
0.23570472539561493
0.23540617385674723
0.23262944052287704
0.23114685703012186
0.2308522897186765
0.23079395029569955
0.22618187312017635
0.22332978891192978
0.22457046075703022
0.21892399284978725
0.21772710913048704
0.2131210931831296
0.2133634082805896
0.2109909134395847
0.20643197316784506
0.20192806358069382
0.1999671388121002
0.19767797178631064
0.19611540680074044
0.19201104063398491
0.19107329241008728
0.1885600320974564
0.18783841108420318
0.18770369358778033
0.18317613734217789
0.18081933274909384
0.1800586183663231
0.1796256000542675
0.17419918870136572
0.1723001823227054
0.1720291423321515
0.1716501923693652
0.1679391880774215
0.16672463472613921
0.16214878324753007
0.16430673253987355
0.1614003623632418
0.15728307436228023
0.1562925229481499
0.15261870722340537
0.15187664013574761
0.14878742271354856
0.14719257017114967
0.14768974395238527
0.14458748097041596
0.14064987781584504
0.1439758063426347
0.13893665152892443
0.1405428874192089
0.13733888719408138
0.1381821755183174
0.13373209312362416
0.129786659353693
0.12534522667406647
0.12368909056105734
0.12448454515691071
0.12417168242608385
0.11788944952719478
0.117730970321638
0.11777399751375422
0.1141192275771655
0.11738189189563956
0.11235651255642955
0.11135055941783313
0.1109837784357372
0.10642102783664967
0.10924792111155032
0.10646619380133798
0.10348051082684438
0.10108837597421748
0.10440361307948902
0.09606034649367373
0.0962229072082007
0.09829241712656353
0.09479223189197561
0.09086586558172506
0.09065228927588921
0.09344237555432348
0.08673112381042247
0.08332411836616364
0.08372420642530189
0.08320091976775092
0.0862611730212621
0.08259323526889431
0.08046930646404495
0.0800895125640235
0.0787659571476958
0.08225793384384981
0.07510626292598226
0.07213377407475406
0.07671136531148448
0.07128270093201618
0.07126183194930562
0.0649555233961118
0.0699192504556232
0.06830620485397171
0.0672070998390902
0.06857018041414485
0.06611004809292796
0.06851693916186552
0.06596154157017908
0.06548802899695247
0.06188639185546475
0.05781959461819845
0.057985856597140055
0.06030497540594803
0.056205838030808496
0.05469447351125387
0.056499043889453
0.05332119199409805
