0.41796288972384865
0.4179706658749203
0.41748408017397426
0.41722684523195536
0.4100239980944728
0.3794893486807476
0.37427024688347604
0.37219009400178893
0.3662378584361038
0.35506862079354673
0.3479087858521887
0.3265337101886701
0.3139314522509752
0.3039916879899816
0.2802491619395197
0.2654666256272019
0.25980314010733757
0.258119786192503
0.25489708691277674
0.2533720587211186
0.24959226528375553
0.2447288433829564
0.2392084945939692
0.23612206820118775
0.23342311035380334
0.22842971596948214
0.22694832303454415
0.22315146946897982
0.21973863745149114
0.21814483695682904
0.21177367549779
0.20646603636576946
0.20541774100256918
0.20350537877252445
0.20377164102835815
0.20043533380012146
0.19707752095208725
0.19750279898248801
0.19476097782269167
0.1949337308616573
0.19218574616144055
0.18874614909186188
0.18690788868934655
0.18351561614377615
0.18216557366281802
0.178908134412637
0.1762550148501537
0.17715651639331267
0.17294894888943668
0.17107389315736418
0.16870888249701932
0.16608814315337317
0.16215576053207206
0.15932056638749478
0.15864768626472447
0.15567363116565533
0.15604515287108972
0.15314942042318258
0.14705800443535386
0.14682553614303784
0.13895286056365178
0.1421225348446173
0.1373394386741848
0.13774045582238686
0.13396491938194421
0.13273813651784372
0.12361822743812476
0.12225225771960609
0.1261351406873863
0.12150943170628721
0.11961009587652273
0.11811443788785225
0.11420630036388295
0.11301360459452457
0.10817892661407422
0.10992568617559241
0.1041144318819286
0.10260672619461303
0.09601118925173871
0.09685812611199354
0.09859964059532238
0.09853248822120704
0.10157048733875697
0.09218364264861852
0.09183347113658193
0.08447048525214124
0.08970119067794355
0.08616843945641899
0.08198758018224653
0.07880873001213165
0.08540813918967152
0.07771411637970588
0.08271998120641601
0.08164916194511244
0.07954647076259583
0.07368612673341651
0.07170587101268004
0.06789580180883166
0.06998054656269671
0.06807133200337746
0.07690896200777822
0.07125601774855331
0.06300243472904826
