0.28738135760564865
0.23938189660638964
0.23646955446833293
0.231336007186651
0.223453844309531
0.21147435285949243
0.19300661621625514
0.18492056085202582
0.18116509197689343
0.17954683811483865
0.17467296987459896
0.1688182392484274
0.16905492954621998
0.16710936045360092
0.16464279730166595
0.162248248413055
0.16009900373496622
0.15861513973860394
0.15841758007844386
0.15469811510142195
0.15553401400105366
0.15383188399025702
0.15140190283144253
0.15040975435094955
0.14882038313875182
0.1459995855796293
0.14515294435067533
0.14330403844934744
0.14209907190317148
0.14033618955753913
