0.41463991000481165
0.41442702713779284
0.414378398579601
0.41433203168160493
0.4142373592069552
0.41391995977352714
0.41314746755511766
0.41073526513332254
0.40603604505536717
0.3532807939609856
0.35140348684966055
0.3410812772623582
0.33833480814623845
0.32982228432266675
0.3087089746822712
0.3073925194875865
0.2984819144076308
0.2903806825301407
0.2873835930920101
0.2811673243456371
0.275293715971801
0.2708869267508278
0.26909608141770985
0.2698925153888524
0.2609603310212829
0.2609788220915137
0.2561216729415987
0.2530245423026897
0.25026460224956165
0.24733373339854378
0.24665366575546402
0.24794335577958443
0.2448755601647418
0.2418855531269269
0.24122586711168797
0.24048861359690824
0.2406984387146678
0.23264407914874993
0.23029447638150613
0.2242888807387875
0.22383069495811736
0.22172878276506797
0.22188181750224106
0.22056078862452472
0.21613286377255003
0.21574573007743744
0.2123468959279963
0.21115250183722703
0.206779102271734
0.20146540127727122
0.19836680301743484
0.18958617192460075
0.18838324399219605
0.18215261578537806
0.1810499220574514
0.17371844015340596
0.16484173061195279
0.1572824719277422
0.15757560385254957
0.1522141143819464
0.14709038989419287
0.1430439680517427
0.14185311856073213
0.1405722617244791
0.13536850742057346
0.13346941752198704
0.12903422104710502
0.12991134815344096
0.12812428242012294
0.12492283368380191
0.12402969971861533
0.12157266601087967
0.1149837218469537
0.1197170155656488
0.113926569820176
0.11593742742944128
0.1072515160450896
0.10471474843036556
0.10631131139920488
0.10650766196320557
0.10344433192687882
0.10067171366299633
0.09531032247503733
0.09535121934501115
0.09069742204159414
0.09330292994975876
0.08855120652624629
0.08695165385761638
0.08829353000635404
0.0832476589004573
0.08223433242960508
0.08044419010577265
0.08031657969623804
0.07985927011912144
0.07785951457229519
0.07811783630183841
0.07568941499588816
0.07162673522487488
