0.40287354289961125
0.3990196482682966
0.3954218288837188
0.38996467684630237
0.3804438357381658
0.3728233499513733
0.3659146861836487
0.36298887175077504
0.3578511337930597
0.35225221404193474
0.35326480614675365
0.34595742383270134
0.34419862517977756
0.3404143853653317
0.3334261807331232
0.3294160858823955
0.3266153639055329
0.3255837337437534
0.32337940422389483
0.32151505886846005
0.31894445168936014
0.31459176903123365
0.3135505436559418
0.31192268519377664
0.3086044070892811
0.30517275676559746
0.30177351495214844
0.30062595075255266
0.2981193412969257
0.2902987829008749
0.2861588494834977
0.28670314358222554
0.2853266478326122
0.2826515588565332
0.2817737724780478
0.2829435083727518
0.27844603562834713
0.27696172935181057
0.2759925855857078
0.2729172328110286
0.2750606963044824
0.2695181336260174
0.2671618361991552
0.2653370159243803
0.264719550593768
0.26182894956423447
0.26087743919522594
0.25961779340388536
0.2561080666502872
0.25566827071488263
0.2520315744627173
0.25038122685669123
0.25009331846458854
0.2485282161114808
0.2471261555325149
0.24761223196886775
0.24451617676045276
0.24230292630198366
0.24432224634676195
0.23944437522951817
0.23708141070876848
0.2348256701205013
0.23668342082168006
0.23281401771496088
0.23306564525572065
0.22808070605414216
0.22924137864201402
0.22568746748664598
0.22341544680597103
0.22560030499579672
0.22153527369558476
0.21921666372426
0.2201675182667905
0.22093899896001942
0.2169841740679158
0.21566353055401927
0.21537003283102932
0.21355858432568636
0.2137470250240309
0.21067872109394833
0.21199570661335793
0.21149431753662726
0.20773325733881104
0.20922830033082607
0.20731776442627445
0.20626697159486249
0.20665393703220133
0.20519349666306191
0.2021344062604887
0.20251959206721434
0.20009967175650153
0.2006960902452261
0.1984072106789585
0.19712390885496717
0.19673777175524731
0.19484579779446742
0.1963950304708931
0.19390864022185444
0.19396261989344826
0.19274897628345955
0.1928308552860008
0.18873910807173183
0.18897207004874253
0.1872740007465861
0.18679135443591577
0.18794568749576768
0.1862843476009302
0.18392670737771563
0.1840482180726077
0.18298880975292647
0.18308263637013714
0.18051708918413092
0.1804812480438715
0.18007462072786323
0.1781679362750831
0.17769188258807606
0.1761878199871143
0.17579597070026112
0.1734540227229255
0.1751046355333923
0.17373736574664483
0.17155335315928621
0.1732511274044859
0.1716309420061693
0.16978516395918786
0.16972206946675164
0.16842135115824144
0.165460637038435
0.16449837156852937
0.16613917801395264
0.16455714158897863
0.1649607379507308
0.16518224430523748
0.1624389069454547
0.15996682762748513
0.16034568778373717
0.1610745766413938
0.15989781670455247
0.15710605447531656
0.15553376490379048
0.1564879356692966
0.15555118272402416
0.15701879377028966
0.1522785024471365
0.15259252102080767
0.15046224394564886
0.15072757362900377
0.15216970298814
0.1499997628075289
0.15027207327902303
0.14579165180190293
0.14688437355253078
0.14545071001596516
0.14795528018801965
0.1450058049558661
0.14215775143918194
0.1461020919979381
0.14179819153330578
0.14311875551419895
0.1437416935199061
0.14048973096860307
0.13761140449852777
0.14019875751859817
0.1380445115365888
0.13410663898500344
0.1357881335603311
0.1352340201982678
0.1355559681716289
0.13136845262886648
0.13143444747885857
0.13067576263641864
0.13026993376259483
0.1321600627538924
0.13021316038029843
0.12806673177932765
0.12651949858810038
0.1273741721608849
0.1258216717402606
0.12413049870944004
0.12560354131572146
0.1262887770566822
0.12216085552478277
0.12068508937009419
0.12136430073785207
0.12206621686883187
0.12006763164789425
0.1184463806028571
0.11655960007201882
0.11475690413599614
0.11399966340716382
0.11532384956652195
0.11340023790265268
0.11702943887416702
0.11335243737634859
0.11097296498603897
0.11255443043279141
0.11094376461345962
0.10733169242257912
0.11015257558603556
0.10813250439656162
0.10468642746370935
0.10481427836929989
0.10566879327213315
0.10495295598839748
0.10485380505603427
0.10544082269010413
0.10257673860714592
0.10309306244802362
0.10063280701588123
0.10022897806581797
0.10041340221990938
0.09969922389344885
0.09839892017037015
0.09742548341562082
0.09435896182227145
0.09922452971703319
0.09479494068989573
0.09423998223030368
0.093645182841348
0.09343893486650187
0.09211304288728683
0.09064759903062229
0.09183813569470003
0.09188422844966486
0.0920899810960201
0.08672575403956116
0.08590193273844433
0.08525893139247699
0.08598825411297105
0.0845021089938288
0.08499159440826984
0.08167325192086478
0.08180822681756074
0.08218242699354525
0.08110491791206591
0.08106122928247497
0.07913533751092962
0.07978485029607316
0.07975957215703107
0.0770544756558692
0.07574247044074638
0.07727983896806316
0.07752358576419933
0.07675906444900327
0.07364780050092984
0.0746835206609478
0.07413621339142118
0.07144836372681264
0.07572064178688004
0.0709980109923412
0.07212418234164658
0.07145730371219833
0.06689483409117253
0.06848658796011518
0.0679050681016069
0.06782805704105278
0.06676089759948761
0.0669356291097867
0.06600035221703099
0.06576894118531727
0.06168948138602806
0.06461231753052758
0.06062222413977704
0.06117484407344489
0.06356573622569692
0.058564915192416356
0.06048591689899673
0.06346712890137161
0.05885768926797552
