0.41606454142011784
0.41601447943262654
0.4160199524506599
0.4159568173583237
0.4159408046955615
0.41588620506252405
0.4157202065890481
0.41552918339335043
0.41521233082144093
0.41456693151509305
0.41311740131432134
0.40778182374863076
0.403650277451548
0.38470518650261487
0.3798776445388564
0.377432224432033
0.3743871073989849
0.3643158690946826
0.3566681114492447
0.3532878463458408
0.3404810661400424
0.33448234796241755
0.32182559653301934
0.31163991042974926
0.3037798356960085
0.2996269323845924
0.2941351162035573
0.2915772839869144
0.2858903453055705
0.28543105845123745
0.28091916872486244
0.28101641185213644
0.2757396888213443
0.2758427282582339
0.27342104606030176
0.2684564827544007
0.2688140885586742
0.26721679226792666
0.26406902813883754
0.2624048028276447
0.26077280092412314
0.25870961264173575
0.25460356436063336
0.2505256361020616
0.2508905088999282
0.24715356189328871
0.24613084695439805
0.2418481834262353
0.24169331795527907
0.2382305280585372
0.2376617361897935
0.23278497261597145
0.23272071773483408
0.22982712053931267
0.22753558162935505
0.22558983682354933
0.22492623561831426
0.22264210694741682
0.2178308487450455
0.21667402340605196
0.21708967593861467
0.21523374739427345
0.21236756875432317
0.20959886844092893
0.20751467307426782
0.20685660022294236
0.20338856187357898
0.20264774498844298
0.20096237403698508
0.19798232155242007
0.19689642655777484
0.1932045024752191
0.19161033382663972
0.18926201517327768
0.19083131486502108
0.18614183711239043
0.1854818389497794
0.18566408251810587
0.18337461912215308
0.18050124395696698
0.17677819532177122
0.17761065497763345
0.1751124693272584
0.17135850965503246
0.17284740087526781
0.1704090208267815
0.16719596055246666
0.1648399612385697
0.16052461869170578
0.1607328420999103
0.1586656382253024
0.15782786894916448
0.15698056475565123
0.15231728212164933
0.15088089764844828
0.14927095227780657
0.15024575364742276
0.14481152413598908
0.14580015524481277
0.1425221737595543
0.1399276869291672
0.14188251694705334
0.13904892432305194
0.13910727249569255
0.13328656515988718
0.1334001700347225
0.12740738318821473
0.1274013672911163
0.1247058347787299
0.12581954532645573
0.12416413932866804
0.12496313726942959
0.12273361598442936
0.11811845148199066
0.11391972195294255
0.11684609014948602
0.11409484470485526
0.1137238703841954
0.11517520616030902
0.10967601283631927
0.11072568388717867
0.10501107699360782
0.1046252357740849
0.10479618086642499
0.10225682126657608
0.09747472320269936
0.09851023047862444
0.09791386527217201
0.09376587364625226
0.09299392941641019
0.090683968332081
0.08904247549245936
0.08891501960854248
0.09021224315764582
0.08967116274201781
0.08130426899426592
0.08665933908753888
0.08272554583635652
0.0855055310828517
0.08382528047933938
0.07799998285302441
0.0784808558258193
0.07710852298658971
0.07184318366550967
0.07350207206202627
0.07634950945277412
0.07108922075738791
0.0743427071426246
0.06344411287240677
0.06782376409136194
0.07074517901802145
0.06493434271400904
0.06853614963667573
0.06466570258296489
0.06851963828929644
0.06353935542084536
0.06389131069319932
0.06185694642431496
0.05553803292297164
0.06309069374172377
0.061058760894180844
0.05810314754852399
0.057007680346763574
0.055222760089678226
0.05401149881401325
0.051192798052729895
0.055206395465052
0.05149303464676424
0.05041604834938912
