0.42053642149845105
0.4204221935777705
0.4203359411903043
0.42027975074493407
0.42014158283359
0.42005058692672775
0.419837318673653
0.41970504633962247
0.4179884779492943
0.4162804274057432
0.4143590507040635
0.4129018393252557
0.3977450084189208
0.3972798276710786
0.38648506325066534
0.38175983698815374
0.37998155412849294
0.37702849047586545
0.3554744622376485
0.35392461537211334
0.35203719122960303
0.3317721481415302
0.32834065503108256
0.31398976083151925
0.311685038559965
0.3012586232268018
0.29676311537915717
0.2939270371231272
0.29214553015643224
0.28740906678338524
0.28533409308925745
0.28391413014383404
0.2806250242888073
0.2776704931944351
0.27457131043267413
0.26974330929948853
0.26790019641011337
0.265769413473101
0.262572053901063
0.2607185270692964
0.2564434270802798
0.2541168890225838
0.2525750065076938
0.2509744028762283
0.24558065418029146
0.24526016782344034
0.243252406698186
0.24186599801160338
0.24244272297287403
0.23859172351064448
0.23555319632744298
0.23436894205794645
0.23472194813095995
0.23013123501344063
0.22834634464493758
0.22821204616336963
0.22543997067921062
0.2253522167975759
0.22369608763791243
0.2219237918250223
0.21999458378044032
0.21501784654272862
0.21755920594646888
0.21450259182603731
0.21375907334660396
0.21074363095377843
0.20924136680100797
0.2088011392252043
0.20655521892869974
0.2030310921119199
0.20342747227967684
0.20159073080476064
0.19826722432724117
0.19791073427720574
0.19774788222926343
0.19649157314420165
0.19349668573351056
0.1892346900352813
0.19087658278935538
0.19332225196237446
0.18883233093538887
0.1857692162139852
0.18562890983071997
0.18389376267655702
0.18186688108606552
0.17880089313843514
0.17753880384118706
0.1741767120593913
0.17521169044848087
0.1723863571147705
0.16976931207785517
0.17188315763142503
0.16793994075858779
0.16686106339038373
0.16395473065874885
0.1611296598354021
0.16005420747870255
0.1574478815375376
0.15795777577556042
0.15652651320470057
0.15480537531643607
0.15000376980119146
0.14883049335311918
0.14611086758783762
0.14445673824298422
0.14210721481100447
0.14202882155735133
0.1535809340027809
0.1440771425355112
0.1380957682834497
0.13763460689832507
0.13379068387602502
0.13370697665017398
0.12944173173104298
0.12503033412862624
0.1307935431775476
0.12601560925000607
0.1275845569876009
0.12796491677109745
0.12515684014137662
0.11943202038255359
0.12184981491486938
0.12044235947940876
0.11735078163629245
0.11315687592180203
0.10687219919056219
0.10973894715799444
0.10568968180239514
0.10453128796857515
0.1054859176190218
0.10424132640928303
0.09883016670533755
0.09610692391677864
0.09489591711137131
0.09225004641027959
0.10348407501669182
0.09158837834899129
0.09122929310508147
0.09540258080630838
0.0881333129042256
0.08717416848917586
0.08699753623345872
0.09117820865981739
0.08028628567811075
0.07957402254999371
0.08226837903557636
0.09646925850624839
0.08292555690051223
0.07517443436757772
0.0763898315474535
0.07323086856488696
0.07317808554685123
0.07047266003455864
0.06963349038577872
0.06108205095615163
0.07466819045037892
0.07238861086340793
0.07020560178603504
0.06527810080567814
0.06357647833462728
0.06547918065481659
0.06320279882896625
0.06678203167489312
0.05556508332220862
0.05444546369608265
