0.41127751856403505
0.41116100933914856
0.4110847498907222
0.411000675971682
0.4109817105778851
0.4110102407050012
0.4101023940227366
0.3938811478578053
0.3669335071695187
0.3605399687725131
0.35720420560282506
0.3393420099692022
0.33342570413289196
0.325816599169552
0.31395006565549033
0.3122784051891575
0.3110683896425373
0.30689124669635165
0.3041899887422514
0.3014754069838826
0.2992771047382438
0.2970774020714487
0.29330421183895294
0.279127834528098
0.2812884261606925
0.276578151007893
0.2736665607043296
0.2700412617964816
0.26347848214609826
0.26249790902736714
0.2606350209030592
0.2561958870993048
0.2565356433949855
0.2536219646850173
0.25220246339217434
0.2512608212273818
0.24396339246999066
0.24189709903470055
0.2396336193753392
0.2311448470352426
0.2249969331983044
0.2252427439528845
0.2208501956990017
0.22196788428812922
0.21828062726909714
0.214423075226423
0.21297813272052193
0.2096704740568551
0.21097857479936602
0.20598048729593432
0.2015970641619339
0.19508917387947883
0.19498381588564373
0.19315350117629426
0.1911180775742683
0.18408139910707377
0.1831629325179506
0.1780289501633699
0.1722457118106721
0.16777936599569412
0.16949867478801747
0.16395418600973116
0.1620257393941739
0.15387161030166696
0.1528205414418965
0.15183090626234583
0.14612953367251003
0.14797917493761764
0.14084944376695419
0.14036150086943563
0.14013902481848606
0.13806278387165613
0.1323481083904252
0.13596448785085008
0.13168656035964577
0.1256430437631052
0.13051774717593922
0.1274923303423112
0.12097692503331076
0.11740424950539051
0.11896428125972298
0.11540757657744648
0.11506060709626113
0.1155325698580331
0.10781266597952065
0.10904455641566417
0.10337318799412318
0.1067689534892741
0.10848231845014812
0.1036847209900456
0.10316596632486569
0.09948107561878566
0.09402263868683569
0.09834084194685112
0.09929381003916288
