0.4147306705568703
0.41471047236762193
0.4146689411915065
0.41452707672160677
0.41412817205976027
0.4138537742235473
0.41061167474639526
0.3834341158678694
0.3661709672864897
0.35980151130798294
0.3545671836047431
0.34336461175568217
0.3371790740746469
0.32963173910376303
0.3283830931970437
0.3217565318322609
0.3204908307002138
0.31844136548933527
0.31134648007130905
0.3047823802605538
0.29683699335330216
0.2955562016158077
0.2834233630992127
0.2794106878753446
0.28081679916900076
0.27688308744467227
0.2644060096990291
0.2580566504975789
0.2544694930867401
0.25304007200928397
0.251693171124538
0.24329235352537762
0.24026297770791863
0.23571484687273517
0.23447506335201665
0.2261557994893872
0.22412754283745653
0.22018826358408652
0.2169392182530641
0.21150487661670356
0.21040230496524068
0.20895722298281852
0.20460148507512999
0.2061648999354152
0.1996687593752788
0.19734690862621848
0.1916906694349081
0.18901054491885455
0.18537584973124588
0.17863709720695875
0.17743876704966485
0.1713339394746337
0.16866772429425367
0.16529716930726565
0.16374750100178767
0.16088068719104126
0.16115541042959644
0.15382890931435642
0.15534126194577455
0.15374065553984934
0.14980405211057693
0.1515856427656889
0.1464285668829413
0.1411935122855402
0.1415938167621924
0.14031147549262268
0.133764782272381
0.13566239698301294
0.1314847346492069
0.13077263465384295
0.12839163176281207
0.12913780181922727
0.12337362326514173
0.12313630156504318
0.11716683906324832
0.11478716910131133
0.10957314276400566
0.10338159618693284
0.1012084256706536
0.10172380203761552
0.10002811276094231
0.10198129625792499
0.09666154750854315
0.09688024625453895
0.09483483465684386
0.094392290436445
0.08969159874346787
0.09151939399398336
0.08941955395325797
0.08397811861283253
0.08551163756727231
0.08555585141196619
0.08197138768726209
