0.4129714693331946
0.412940542415505
0.41294033881794173
0.41285393917684055
0.4128370919476424
0.41274803691257017
0.41260936158389777
0.4123715120799008
0.41206159909841095
0.4112357898113435
0.410233586438509
0.40366988934813924
0.38459440283155893
0.3760535187840991
0.3667494184634771
0.36367842863894895
0.3586343609520854
0.3516369920240527
0.34771179004834807
0.34254666734354816
0.3401103207259123
0.3353104630842177
0.3318207133010279
0.3286504967943705
0.3268447998217055
0.32393596661487356
0.31525344925688314
0.31268462070821224
0.3107872244844589
0.30872463853483667
0.3075186038970599
0.30306881661446755
0.30123487820492184
0.2981865164174345
0.2932700585358242
0.2952374287038466
0.2922171929915719
0.287508819865704
0.28634955169949977
0.2843003696517169
0.28295745191371663
0.2791205124717426
0.27249390373653654
0.27103559762991625
0.2696249183660735
0.2670572451892561
0.26619120384071854
0.2663459718082798
0.2601991081345521
0.2590202236202058
0.25581329841073397
0.256606265434637
0.25574720108444915
0.2532168088136447
0.24947492396625215
0.2441013125666954
0.2394304663998484
0.23876400368712702
0.24089015301342223
0.23505193278699824
0.23550806430044283
0.2349942148320316
0.23327157147853278
0.22833097986934214
0.22882257566833192
0.22966341717045433
0.2252084219708391
0.22013153371936614
0.21902161206646403
0.2170685127045999
0.21694504229319433
0.21440522709979454
0.21224736855058854
0.2088368130176197
0.20504787271435929
0.20712550902807625
0.20520282768338965
0.2017408000791001
0.20173943546584955
0.19935451056420164
0.19548149397110373
0.1890464394942319
0.18994681082028378
0.1870654098858023
0.18263589152195397
0.18434269034801606
0.18196942456078935
0.18150124100617065
0.1770481269146524
0.17421676323493243
0.16896624149387815
0.1694851377431562
0.16342900460115375
0.16347821431566378
0.16275403004078548
0.1603858544845334
0.15766462964317352
0.15250847832083433
0.15372228301064136
0.1520208553817632
0.14941161787972848
0.14801507823661023
0.14521518567613262
0.1419894898313097
0.13912092287388544
0.13873661224770212
0.1348264764550141
0.134090116955631
0.13177757112562058
0.13153375513701415
0.1256898111764589
0.129769818921313
0.1243851476921182
0.12124664700267919
0.1192322489742985
0.12191533368723147
0.1177971962023087
0.11485800991855719
0.10952562535387667
0.11331914557508187
0.10469107107138166
0.10765101452198081
0.10632930595413134
0.10459043121255551
0.10191385486191298
0.10529713838622201
0.1026489081957456
0.09987249707510643
0.09927821961191796
0.09444930362464792
0.09225937102391506
0.09014957832279588
0.09015654815831488
0.09175031158195676
0.08658694035939477
0.08615309515824703
0.08367225161511342
0.08090481574843225
0.08335508244132667
0.07957746252055865
0.0819171062159246
0.07982416403490247
0.08018131923005503
0.0754897031893736
0.07134763843088371
0.07644513432247516
0.07707378296066061
0.07420114778060657
0.07301142859860843
0.07475000359407925
0.06569350129035573
0.07144526906232969
0.06581201722975927
0.06490254336076724
0.06403828226463622
0.06598000807272218
0.05897505467429026
0.06089966189115753
0.05828783352840724
0.06011516840965299
0.06268455732924691
0.05490531945369031
0.06232610479036791
0.05797538017882186
0.05480763878315048
0.05921500060271614
0.056864404724144245
0.05473692579285697
0.05346065340546819
0.04836023383440253
0.053158518182167984
0.05131753867402586
0.05219458860603664
