0.4110231864085288
0.41092937326013
0.4108400561034466
0.41085858289177973
0.41066290867488725
0.41052849516294104
0.4101935655275325
0.409680823634476
0.4083610096479197
0.40483271680496674
0.39676404436808976
0.371563951849129
0.3645454898231406
0.3584266881116964
0.35425941843920294
0.3450669518652793
0.3403802476248363
0.3331484282072009
0.3278495865757495
0.3221663052126448
0.3162519549423207
0.3072569640937367
0.30055260284359053
0.2946489329343562
0.2887623534697631
0.28486812893428337
0.2840516578668472
0.2790092742864566
0.2757832231854632
0.27525521750324083
0.27260322080297705
0.2710192087317185
0.26818870288339186
0.2668467097549559
0.26366265362372476
0.2623849645186603
0.2592664380639336
0.258234535807193
0.2560820264839123
0.2543435605797352
0.2535664776890607
0.2507055485767873
0.25024860830957313
0.24721277919355605
0.24514439751175696
0.24367825882751404
0.24118334848617456
0.23999479003884908
0.2403354113479804
0.23756820655441682
0.23697117457578248
0.23390050552710376
0.2316371716948814
0.23044093686359549
0.22762516943685682
0.2260680951778391
0.2234169766012082
0.2204871863837707
0.21731072822943107
0.21917080574718928
0.21976968429745505
0.21460991716847744
0.21219722046119405
0.2127485470480566
0.208596425918345
0.20705438444374863
0.20482707279678397
0.20479354224499757
0.20379165064818125
0.20352167368545873
0.20019620865748822
0.19458865665821232
0.19378640392992508
0.1887265186217592
0.18798813068005835
0.1877530566148238
0.18633627005894424
0.18548299298264426
0.17970056721766586
0.18050593172654925
0.17771860136894177
0.17334469260032087
0.1717754454480172
0.17218025760670636
0.16841636828450365
0.16527211658018306
0.16468756383782976
0.16109121401034843
0.15739436425066125
0.15309834079491244
0.1541713155807778
0.15056090197571528
0.1520822285991518
0.1478581778343606
0.1433089324672704
0.1458146051213478
0.13897744121951464
0.137293156425245
0.136030794822232
0.13842238397572668
0.132605627776812
0.12798678334044267
0.1282953539629233
0.12875518958429955
0.12200296609751742
0.1250958929655045
0.1216044135814122
0.11981235385582162
0.1177644935914086
0.11592508287618718
0.11943142036564453
0.11167037600399729
0.10899547991603938
0.11056029988886677
0.10937434206057191
0.10112726850141876
0.1080532992115588
0.09747619669840732
0.10224861771978327
0.10047779578128256
0.09735230693299893
0.09616799976615178
0.09220754042407839
0.09333905670299848
0.09293687948209595
0.08922904342037645
0.08498078693458208
0.08820065881550508
0.08516476295600052
0.08236978559776824
0.08420762949981461
0.08045423793261917
0.07899337087104247
0.07666498017194122
0.08099405837368584
0.07849043729981603
0.07446548673915739
0.06875498596897373
0.07390504634345162
0.07290204710451434
0.0689226339057357
0.07038148029482674
0.0677109323991847
0.06430604833394353
0.06833665324861865
0.06676740289305369
0.0620895030305592
0.06955737144418776
0.06415754913746935
0.059351936361820894
0.058068060865177296
0.06122748282128659
0.05861798028881864
0.06289864691624877
0.057102011336172875
