0.4116708312593688
0.41164782596152555
0.41157734154236497
0.4114455555561591
0.41137256646784043
0.41133380238734674
0.4110484755552418
0.4103515329760424
0.40140829962723856
0.397518638014379
0.38861448251237707
0.3809592886777185
0.37591920010885327
0.3620992187217603
0.35395582348698557
0.35283853339127075
0.3443299699743634
0.34212297684747295
0.3322774231885903
0.32768516517957225
0.3241443107036416
0.3217721593774668
0.31853573424150633
0.31646312934062726
0.30864573523871003
0.30651586176366835
0.3024072202719453
0.30175944217924805
0.29383050544021094
0.29072563656294714
0.28441172364711775
0.2755139269710127
0.27172144932508074
0.2709549668726309
0.2703286230921361
0.2681553958939994
0.2677698260041067
0.26587443890776313
0.2646072197790032
0.2616868104539563
0.2607722773482488
0.2583274953550746
0.25770200670600085
0.254481930750638
0.2530670932495526
0.25029600252070205
0.2452948743158667
0.23645052665620186
0.23308956236407288
0.22805788988893066
0.22217083350775768
0.223149904823504
0.22078518694242774
0.21350736139288337
0.21436842473453635
0.21176574826482633
0.21070500538019346
0.20640897344739834
0.20578578137782905
0.20472972266408332
0.20318405020516406
0.20218532315028614
0.19934047595412432
0.1984369225235668
0.19355886580833107
0.19136664993057287
0.19335654114094597
0.18385368575301053
0.1788924281790754
0.17783388421745297
0.1746904510735988
0.1723634445323038
0.16444207530001834
0.16095413521455346
0.15861249490440305
0.15648953491781933
0.15571636014114054
0.15317800947852117
0.14896269770186177
0.14485746533492008
0.14279386042106965
0.14214685504955846
0.14273287763564524
0.13739423207034662
0.13543507863616597
0.13237137504871574
0.12762019129093183
0.13049987791689016
0.12124361530883403
0.1201380510868764
0.12490636197750186
0.11797091129531248
0.11644219187629244
0.1140079559896319
0.11324084030452056
0.1089722170680134
0.10780476186272456
0.10367607360995468
0.10262723773700828
0.10117915914753484
0.09978211456733976
0.09378220543525748
0.10061108415616024
0.09594448718476566
0.08988537010091563
0.09065410476357885
0.085236705575133
0.08877572589968813
0.08669613191830111
0.08430805583654732
0.08069165311078223
0.08199495896181096
0.08029823267440855
0.07711654828560316
0.0765766045929571
0.07264855226639855
0.07623401278260522
0.07581688024763883
0.06672813510251822
0.06729484480890915
