0.40832330549955187
0.4082164608787514
0.40814150104449626
0.40792132948720666
0.40699156377095835
0.3943259685645687
0.36637196037712794
0.3614596460428898
0.3536697382947508
0.3438445542776584
0.3426618804180838
0.33474157032549356
0.33140681199074146
0.323193608639901
0.31793938650064274
0.316721427244335
0.31056659619836796
0.3053484166972439
0.2953678094668674
0.2932378006163884
0.2915253675171236
0.2812935065541576
0.2804709389384128
0.274311640197521
0.2723480204343605
0.2638508224304819
0.256957222725369
0.2533635950585325
0.2507448761031511
0.2454073539190452
0.23826688168565058
0.23754233456532595
0.23644611393946785
0.2337474547988328
0.23210168287885097
0.2286134475937168
0.22694960603940864
0.21906564326909123
0.2123922558514163
0.21178726327052905
0.21122717511349012
0.21010629778955822
0.20343450382782396
0.20247855918434976
0.19901011214615477
0.1926674593173977
0.18773480695027367
0.18559442265279313
0.18004206360352035
0.1777316917121805
0.1755382800477071
0.17494223828841204
0.17057105407380851
0.169970139341934
0.1664398280309806
0.16306180084699223
0.15968021793066123
0.15975393051983247
0.1527030918797544
0.14888960171811721
0.1496022550703855
0.1460759315326454
0.14437475446643366
0.14121206120652563
0.14255723143476448
0.13702835043524414
0.13557111517994755
0.13453350257703842
0.1342778661289917
0.12873640225194924
0.12685103031331277
0.12602423570902735
0.12433290255942764
0.11849493782141433
0.11786241390032831
0.11510357142225729
0.10943476566560893
0.10943637458505938
0.11090487301448042
0.1080571980461069
0.10631893852523792
0.10253591995281652
0.10040708066189101
0.09734866665544048
0.09523389735404157
0.09192535034654924
0.09115412447801985
0.08860976603401084
0.08445038018197087
0.08594981692282401
0.08325090041943738
0.0807041430562608
0.07721189629814187
0.07858950203387906
0.0757620161919888
0.07932732279569236
0.07435422149256957
0.07410543582098274
0.07367087329873168
0.0704705856436531
0.06857534134898827
0.06488627931603612
0.0682713717591857
0.06669685973514139
0.057872537700277706
