0.4121286466279478
0.41210763727907257
0.41206624607017284
0.412055745910063
0.41200187614721073
0.41191539844272856
0.4117965775919816
0.41153615516912356
0.4111876585495692
0.40973020855917663
0.4078154879587949
0.3973415927972404
0.38190873040446166
0.3769212074659227
0.37320356737478905
0.37278206962926913
0.3689429732501154
0.36784334786802
0.36350210930283067
0.35620301497017964
0.34756173704742
0.33577697190515826
0.3198179120636435
0.31504425737815933
0.31234612893455327
0.3117562699969638
0.305985070816347
0.2872002994118585
0.2847101321575278
0.2822105406742501
0.2792786060258993
0.27591072838618086
0.2688993083311501
0.2679635676452923
0.2665404626661192
0.25846729478807284
0.24581081577929534
0.24006170412510092
0.22967488485313875
0.22857601468744765
0.22311705426460773
0.21253573068900491
0.19974165999034194
0.19918899063986323
0.19798981655478037
0.19463846618202757
0.1889224062224882
0.18622878901736103
0.18578815824863446
0.18181268783058147
0.1784709444413309
0.17626498297800075
0.17722908075690957
0.17341388875283265
0.1701169988803935
0.16635667164182052
0.1649669901990222
0.15955014815870167
0.1565841648116322
0.15268658537163515
0.14764139671459423
0.14512062534586456
0.14285209769361648
0.14099956397059393
0.13745826892572302
0.1356904591069413
0.1349171768816105
0.13041292689950437
0.131638005344136
0.12517882659366333
0.12649416898101645
0.12329759036083017
0.11978294892913047
0.12055940055419513
0.11655227631957199
0.11667830085254635
0.11308395809401454
0.11073428194391279
0.11063604181012694
0.10943937160481619
0.10717775022893347
0.09816493871026985
0.10187986388744871
0.10083438311674643
0.09665548798166639
0.08980709140066624
0.0958854335148943
0.08806592693090783
0.08625329572130831
0.08054029706508273
0.08337443634424678
0.08693999400519475
0.07988691548477568
0.0810893109938245
0.08208805703590073
0.07497792210438284
0.07460585436666232
0.07786803618618819
0.07240307954994835
0.06728228436003642
0.0698141776866538
0.07040117080512151
