0.41347791348136553
0.4135066810029793
0.41346884907642123
0.41340945856848693
0.4133923217303923
0.41332055600818707
0.4133098512360636
0.4132768358662399
0.41322046402242146
0.4131282850147836
0.4130355310719974
0.41294620581784014
0.4126945335603454
0.41214388857964496
0.4108830105966264
0.4074816714321387
0.4039627739952423
0.38993849254721735
0.38808904686262885
0.3821486779846733
0.3810796550738308
0.37747426765579567
0.37450787620885423
0.37322697736627347
0.3602825763154727
0.35752454078093604
0.35364077784690606
0.3510340611171375
0.3423071873264861
0.34059769419154273
0.3385286086893584
0.325702047596225
0.3242229855109387
0.3209922966629459
0.3183911551345233
0.3117751581743216
0.3111034816101335
0.3106431829710054
0.3087622217147329
0.30524202510262377
0.3029459623618504
0.3020648782999133
0.30062021037245384
0.29915618009076217
0.29961878721892576
0.29409175514613684
0.2917538256602842
0.28889109171415
0.28973884429387636
0.288036506242868
0.28686212673613226
0.28130060907467197
0.27976262918419414
0.27892908262303445
0.27718232074771143
0.27498708471009775
0.2740480368484164
0.2689223386591402
0.2683821258852021
0.2668216854995964
0.26621843822773156
0.26613237701070847
0.26424416291062713
0.26210820246714267
0.2589893406237449
0.2548098021615253
0.2547130105362938
0.25316802665305743
0.2519714911940731
0.249219232628085
0.2466613370481988
0.24191917088894865
0.24544183908411546
0.2411957547746659
0.24156637824561444
0.24204150102819727
0.2396209034000824
0.23415337900939331
0.23378502543764496
0.23278982680111698
0.22898951531406833
0.23018118417214503
0.22589831352109402
0.22353460712035586
0.21932637060934182
0.21799010260081536
0.21839303067473412
0.21810761237597784
0.216161854402836
0.21278727884282886
0.21171067060193002
0.2110843542073566
0.20844391255019293
0.204924320084004
0.20421343380499035
0.20140176428220927
0.20089476401863823
0.1988058399352294
0.1961829126848231
0.1945284654192697
0.1916257968670687
0.19093290581205394
0.18852977702672843
0.18870583279157366
0.18617318925161205
0.18502615571995532
0.18314208627370812
0.18056607354667095
0.18046416188973935
0.17846393244850053
0.17392676698258944
0.17454352613961535
0.1733347262019512
0.17465816702901377
0.16492838805793858
0.16570121319891626
0.16597472030988727
0.1627346475795945
0.1583077322606809
0.15840060061144068
0.1567165895900353
0.1537767182827414
0.15115685163150214
0.14936606786393178
0.151240412806253
0.14563062508759467
0.1432340958473529
0.14193066308592453
0.14001110910287012
0.13929261665155512
0.1320211392172747
0.1354696650580996
0.1322979874186144
0.13197431295142129
0.13000200561716052
0.12761415776462548
0.12354990330302754
0.12474749370779219
0.12072822844384326
0.12107508499942281
0.11714445111167214
0.1176180849193962
0.11399979303360064
0.11222878613578446
0.10909419107508192
0.10780271292877265
0.1045613226347578
0.10554103337007295
0.10002791203062165
0.09926204901318689
0.10028725970528483
0.09895543719441413
0.09666978449297099
0.09579888659625395
0.09262819636378725
0.09119268283150979
0.08954856225156918
0.0880145688489385
0.08593513963051418
0.0843736400533854
0.08500521319210465
0.08054887116860723
0.0841050879137144
0.0785487575266547
0.07943028087051503
0.08071939979141281
0.07774952966229438
0.07491299532243355
0.07285662556453405
0.07245009786055623
0.07513155272953023
0.070357736120595
0.0716678407559819
0.06722970108116301
0.06932219088198587
0.06522546387416857
0.06868893396616213
0.06641215501602325
0.0645746183498609
0.05821208774542669
0.06646113243988015
0.0579094664392538
0.06083306715478887
0.06002615421983261
0.06286293200188976
0.05733651414937713
0.05718094020683015
0.05568936725600876
0.05521502840904768
0.04920566639006358
0.052638837926792796
0.04818017987243525
0.05067786434133004
0.052666881026003975
0.05042686057508965
0.047459441413880976
0.041379718960404384
0.04720747715989268
0.04745677281612949
0.04345214362198562
0.04196612161835568
0.04511982584544203
0.044301931140074115
0.04335898639175624
0.04530193615006439
0.04372988515265302
0.03837937967063475
0.03930320342630583
0.03862143209209167
0.040617849421169014
0.03712401230705083
0.039575045452762046
0.038411872958726216
0.03649999328195686
0.0333875032384333
0.03820391660299622
0.03816807937200232
0.036513297347002927
0.03145658919333977
0.03507343026789555
0.0343859945559678
0.03217224839562541
