0.039177648140596266
-1
-1
-1
-1
0.02997911398663119
-1
-1
0.029471907296397003
-1
-1
-1
0.028493863254077493
-1
-1
-1
0.027222618737437042
-1
-1
-1
0.025378395671720896
-1
-1
-1
-1
0.024189914894927913
-1
0.023947561739845358
-1
-1
-1
-1
0.022882267671836376
-1
-1
-1
-1
-1
0.021842092236998786
-1
-1
0.021386161066800937
-1
-1
0.020944874538973653
-1
-1
-1
-1
0.02025779490851944
-1
-1
-1
0.02000458673061099
-1
-1
-1
0.019813534379262903
-1
0.01954194899511646
-1
-1
-1
0.01914671105905949
-1
-1
0.018992057217377567
-1
-1
-1
-1
0.018624364814799496
-1
-1
-1
0.01840101678737039
-1
-1
-1
0.017955417123263134
-1
-1
0.017588703575711014
-1
-1
-1
0.017532465911066043
-1
-1
-1
0.017243380371489224
-1
-1
-1
-1
0.016836082188665995
-1
0.017162076366127953
-1
-1
