-1
-1
-1
-1
-1
-1
-1
-1
-1
-1
-1
-1
-1
-1
-1
-1
-1
-1
-1
-1
-1
-1
-1
-1
-1
-1
-1
-1
-1
-1
-1
0.07401181074149708
-1
-1
0.07382929406691867
-1
-1
-1
-1
-1
-1
-1
-1
-1
-1
-1
-1
0.06548521935713154
-1
-1
-1
-1
-1
-1
-1
-1
-1
-1
-1
-1
-1
-1
-1
-1
-1
-1
0.053086567514296266
-1
-1
-1
-1
-1
-1
-1
-1
-1
-1
-1
-1
-1
-1
-1
-1
-1
-1
-1
-1
-1
-1
0.048708375869141785
-1
-1
-1
-1
-1
-1
-1
-1
-1
-1
-1
-1
0.045975972083131623
-1
-1
-1
-1
-1
-1
-1
-1
-1
-1
-1
-1
-1
-1
-1
0.04380037662194256
-1
-1
-1
-1
-1
-1
-1
-1
-1
-1
-1
0.04290511082333757
-1
-1
-1
-1
-1
-1
0.04228543174584102
-1
-1
0.04160569144745744
-1
-1
-1
0.041742184882834835
-1
-1
0.04163368833835587
-1
-1
-1
-1
-1
-1
-1
-1
-1
0.04067300247602136
-1
-1
-1
-1
0.040471984678348207
-1
-1
-1
0.03984188546245995
-1
-1
-1
-1
-1
0.0395734500522396
-1
-1
0.03899934611393019
-1
-1
0.03911209473591793
-1
-1
-1
-1
-1
-1
-1
-1
-1
-1
-1
-1
-1
-1
-1
-1
-1
-1
-1
-1
-1
-1
-1
-1
-1
-1
-1
-1
-1
-1
-1
-1
-1
-1
-1
-1
-1
-1
-1
-1
-1
-1
-1
-1
-1
-1
-1
-1
-1
-1
-1
-1
-1
-1
-1
-1
-1
-1
-1
-1
-1
-1
-1
-1
-1
-1
-1
-1
-1
-1
-1
0.034750635270383426
-1
-1
-1
-1
-1
-1
-1
0.03325295674936853
-1
-1
-1
-1
-1
0.03332310942189322
-1
-1
0.03277525747683565
-1
-1
0.03236475235609047
-1
-1
-1
0.03203769372669916
-1
-1
-1
-1
0.03167941450166158
0.03147703130435581
-1
-1
-1
-1
-1
-1
-1
-1
-1
-1
-1
-1
-1
-1
-1
-1
-1
-1
0.030188557924879823
0.03000781298136983
-1
-1
-1
-1
-1
-1
-1
-1
0.029565774397251724
-1
-1
-1
-1
-1
-1
-1
-1
-1
-1
-1
-1
-1
-1
-1
-1
-1
0.028926504848121235
-1
-1
0.028422319923063648
-1
-1
-1
-1
-1
-1
-1
-1
-1
0.027847344839074313
-1
-1
-1
-1
-1
-1
-1
-1
-1
-1
-1
-1
-1
-1
-1
-1
-1
-1
-1
-1
0.026817721955676495
-1
-1
-1
-1
-1
-1
-1
-1
-1
-1
-1
0.026743832695166874
-1
-1
-1
-1
-1
-1
-1
-1
-1
-1
-1
-1
-1
-1
0.026115490014562134
0.025132902153544554
-1
-1
0.02566684048212073
-1
-1
-1
-1
-1
-1
0.025515756894880375
-1
-1
-1
-1
-1
-1
-1
-1
-1
-1
-1
-1
-1
-1
-1
-1
-1
-1
-1
-1
-1
-1
-1
-1
-1
-1
-1
-1
-1
-1
-1
-1
-1
0.02452653116146421
-1
-1
-1
-1
0.023264683494096473
0.022687379420936786
0.02271878301190786
0.022079036857918642
0.021958380801596115
0.021208104411912055
0.020538132068322185
-1
-1
-1
-1
-1
-1
-1
-1
-1
-1
-1
-1
-1
-1
-1
-1
-1
-1
-1
-1
-1
-1
-1
-1
-1
-1
-1
-1
-1
-1
-1
-1
-1
-1
-1
-1
-1
-1
-1
-1
-1
-1
-1
-1
-1
-1
-1
-1
-1
-1
0.021701451801755128
0.020536383762672375
0.01960228009595617
0.019578760818440198
0.019080388157879897
