-1
-1
-1
0.07610805368609001
-1
0.07609528975727957
-1
0.07608313764579565
0.07607086567563306
-1
-1
-1
0.07605712812698305
-1
-1
-1
-1
-1
-1
-1
-1
-1
-1
-1
0.07571649885363152
-1
-1
-1
-1
-1
-1
-1
-1
-1
-1
-1
-1
-1
-1
-1
0.06976796026823585
-1
0.06870194520467914
0.06813151145259694
-1
-1
-1
-1
-1
-1
0.06587699308469601
-1
-1
-1
-1
-1
-1
-1
-1
-1
-1
-1
0.06258241977209247
-1
-1
-1
-1
-1
-1
-1
-1
-1
-1
-1
-1
-1
-1
0.05736544415180785
-1
-1
0.05642482237129359
-1
-1
-1
-1
0.055290487814506205
-1
-1
-1
0.054659135193212485
-1
-1
-1
-1
0.05403797487340548
-1
0.05277882958200655
-1
0.05275353267498981
-1
-1
0.05202979990480475
-1
-1
-1
-1
-1
-1
-1
-1
0.050337916867742284
0.0501706370583768
-1
-1
-1
-1
0.04947303310906377
-1
-1
0.04908835693092198
-1
-1
-1
-1
-1
-1
-1
0.04791847416399054
-1
-1
-1
0.047291684104310866
-1
-1
-1
-1
0.046839455523843436
-1
-1
-1
-1
-1
-1
-1
-1
0.0454851472424162
-1
0.045225826195705726
-1
-1
-1
-1
-1
0.0450437795559256
0.04373371452672936
-1
-1
-1
0.04370108587732575
-1
-1
-1
-1
-1
0.0429653236374317
-1
0.04241845234358821
0.04267913629572679
-1
-1
-1
-1
-1
-1
-1
-1
-1
0.04148997805925658
-1
0.04098755803089661
-1
-1
-1
0.040578647021653584
-1
-1
-1
-1
-1
-1
-1
0.03989254985338055
-1
-1
-1
0.03925254678911736
-1
-1
-1
0.038320952329190326
0.03853758837926248
0.037684134356242675
-1
0.037537821396779456
-1
-1
-1
0.03722338442208702
-1
0.0370431654880019
-1
-1
-1
-1
-1
-1
0.036247511492165145
0.03550338418103378
-1
-1
-1
-1
0.03574786589767218
0.03470503112685356
-1
-1
-1
-1
0.0345312380373246
-1
-1
-1
-1
-1
-1
-1
-1
0.03401988716904755
0.03324671303019913
-1
-1
-1
-1
-1
-1
-1
0.03238321683054304
-1
-1
-1
0.03205771818467151
0.031353746812631186
0.031034155961140585
-1
-1
-1
-1
-1
0.03017911524856137
-1
-1
0.030554380723010706
0.030034426701208032
0.029434242090826367
-1
-1
-1
-1
0.028817569420959234
0.02865458827190362
-1
0.028559284613754034
0.02799271299333424
-1
0.02716833533943859
-1
-1
0.027194515693976257
0.02664915841029312
-1
-1
0.026337114738930988
-1
-1
-1
-1
-1
-1
0.02615389973504998
-1
-1
-1
-1
-1
-1
-1
-1
-1
-1
-1
0.025396370832674233
-1
-1
0.025379682897593726
-1
-1
0.024388893395082496
-1
-1
-1
-1
-1
-1
-1
-1
-1
-1
-1
0.024822449831995056
-1
-1
0.023020867807681925
-1
-1
-1
-1
0.023273095563923804
-1
-1
-1
-1
-1
-1
-1
0.024657778769499594
0.02304098815711556
-1
0.021431524854457797
-1
-1
-1
-1
-1
-1
-1
-1
-1
-1
-1
-1
0.021766454413359268
-1
-1
-1
-1
0.02079893659205984
-1
-1
-1
-1
-1
-1
-1
-1
-1
-1
-1
-1
-1
-1
-1
-1
-1
-1
0.020601119540254894
-1
-1
-1
-1
-1
-1
-1
-1
-1
-1
-1
-1
-1
-1
-1
-1
-1
-1
-1
0.020302320796460032
-1
-1
0.0190013719816848
-1
-1
0.019275535349571056
-1
-1
-1
0.01848735544497169
-1
-1
-1
-1
-1
0.0184944642040922
-1
-1
-1
-1
-1
-1
-1
-1
0.017597603106849505
-1
0.017423259851011785
-1
-1
-1
0.01731808228048601
-1
-1
-1
0.016295761881207738
-1
-1
-1
-1
-1
-1
-1
-1
-1
-1
0.01635930981516026
-1
-1
-1
0.01612772259042247
0.015384374282427915
-1
-1
-1
-1
-1
-1
0.015555878433648947
-1
-1
-1
-1
-1
0.01480996404567929
-1
-1
-1
-1
0.014321736873812423
-1
0.014471704200460985
-1
-1
-1
-1
-1
-1
-1
0.014212996793497745
-1
-1
0.013522006671944569
0.012360236905007859
0.013112731107668262
-1
-1
-1
-1
-1
0.012671384518306543
-1
-1
-1
0.011873253253342925
-1
-1
-1
-1
-1
-1
-1
0.012318729191243011
-1
-1
-1
