0.07615475181146716
-1
-1
-1
-1
-1
-1
-1
0.07610762034747617
-1
0.07609070683201999
0.07609702227527086
-1
0.0760562286872954
-1
-1
-1
-1
0.07596274019696751
0.07591004664734463
-1
-1
-1
-1
-1
-1
0.07440921195009921
0.07384562514916097
0.07332663614981
-1
-1
-1
-1
-1
-1
-1
-1
-1
0.06925390764331142
-1
-1
0.0679212619226875
-1
-1
-1
-1
-1
-1
-1
-1
0.06491514334441922
-1
-1
-1
-1
0.06416391638717471
-1
-1
0.0634828556795774
-1
-1
-1
-1
-1
0.06189373232794146
-1
-1
-1
-1
0.05960628146539061
0.05895003917369437
-1
-1
-1
-1
-1
-1
-1
-1
-1
-1
0.05578596676495059
-1
0.055204557132495495
-1
-1
-1
-1
-1
-1
0.05347147021733278
-1
-1
-1
-1
0.052107346198801176
0.051375461301059584
0.05178648833687424
-1
-1
-1
0.050942833880160715
-1
0.05025349942786756
-1
-1
0.04973533519898182
0.049471056151333716
-1
0.04848817739080876
-1
0.048404081775223394
-1
-1
0.04752421097270704
0.0473844075597488
-1
-1
-1
-1
-1
0.04671404401179465
0.04636876791645167
-1
-1
-1
0.045502819688043976
-1
-1
-1
-1
-1
-1
-1
-1
-1
-1
-1
0.043719348388924384
-1
-1
-1
-1
-1
0.043110388813289345
-1
-1
-1
-1
-1
0.042138633491299676
-1
-1
-1
0.04127793946164719
-1
-1
0.040748529174930936
-1
0.04011346014397082
-1
-1
-1
-1
-1
-1
-1
0.039191242425436104
-1
-1
-1
-1
-1
-1
-1
-1
0.038076095603600174
-1
-1
-1
-1
-1
-1
-1
-1
0.037606279759824134
-1
0.0370548322409321
0.03677996859201021
-1
-1
-1
-1
-1
-1
-1
-1
-1
-1
-1
-1
-1
-1
-1
0.035323613839792024
-1
-1
-1
0.034997032029690754
0.034292273825787485
-1
-1
-1
-1
-1
-1
0.03400445929937611
-1
-1
-1
-1
-1
-1
0.03285626561929148
-1
0.03253953323014803
-1
-1
-1
-1
-1
-1
0.031636166163933756
-1
0.031666561235490984
-1
-1
-1
-1
0.0310874435073095
0.030627061810617466
0.03004240655729957
-1
-1
-1
-1
-1
-1
-1
-1
-1
-1
-1
-1
0.029269185993406506
-1
-1
-1
0.028700389591514643
-1
-1
0.028308908560315486
-1
0.027798482444551256
-1
-1
-1
-1
-1
-1
-1
-1
-1
0.027380125073112778
-1
-1
-1
-1
-1
0.0267726781238619
-1
-1
-1
-1
-1
0.025957110763723402
-1
-1
-1
0.025159125632428107
0.024911500002757315
-1
-1
-1
-1
-1
-1
-1
-1
-1
-1
-1
-1
-1
-1
-1
-1
0.024527834685206695
-1
-1
0.023354918560801387
-1
-1
-1
-1
-1
0.023235039811044158
-1
0.022784746887413325
0.02177120089249126
-1
-1
-1
-1
-1
-1
0.02204371207783408
-1
0.02165354019995277
-1
-1
0.02088432446932398
-1
-1
-1
-1
0.020660613917571714
-1
-1
-1
-1
-1
0.020170629050045432
-1
-1
-1
-1
-1
-1
0.01976752696166929
0.01995092158868521
-1
-1
-1
-1
-1
-1
0.018773390030395902
-1
-1
-1
0.018735773344447145
-1
-1
0.019039060038912946
-1
0.018035871243152778
-1
-1
0.01786712760515247
-1
-1
0.016794621324426457
-1
-1
0.01707598017286465
-1
-1
-1
-1
-1
-1
-1
0.016615992621573712
0.016609939428191656
-1
-1
-1
-1
0.0159629816440403
0.014976427560544464
0.015702191832305833
-1
-1
-1
-1
-1
-1
-1
0.016038138975100875
-1
-1
-1
-1
0.01487487173434479
-1
0.014848579032826579
0.014552434996193183
-1
-1
-1
-1
-1
0.01457880157823223
-1
-1
0.013859153816797915
-1
-1
0.014343371432512363
0.013897024032089585
-1
-1
0.013245905468121488
-1
-1
0.012943191464823048
-1
-1
-1
0.013207173771742317
-1
-1
-1
-1
-1
-1
-1
-1
-1
-1
-1
0.011999602894569542
-1
-1
-1
0.012558896510903647
-1
-1
-1
-1
0.012599049394082797
-1
0.012141901191244734
-1
-1
-1
-1
-1
-1
0.011242763067862068
-1
-1
-1
-1
-1
-1
-1
0.011820434612479615
-1
-1
-1
-1
-1
-1
-1
-1
-1
-1
0.011248267785894816
-1
-1
-1
-1
-1
-1
-1
-1
0.01121574064042974
-1
0.01036405887357873
-1
0.010792868602668633
-1
-1
-1
-1
-1
-1
-1
