-1
-1
-1
0.03764006531908926
-1
-1
-1
0.03332339446527159
-1
-1
-1
0.032337943557422144
-1
-1
-1
-1
0.030516419317436684
-1
-1
-1
-1
0.02842659612156651
-1
-1
-1
-1
0.02765265985922592
0.027459760458370293
-1
-1
-1
-1
-1
-1
-1
-1
-1
-1
0.025834196587355036
0.0257036502903423
-1
-1
-1
-1
-1
0.025034054100950658
-1
-1
-1
-1
-1
0.02458058377058407
-1
-1
-1
-1
0.024292508372467714
-1
-1
-1
-1
0.023809819349741294
0.023486040332206595
0.02323475904161598
-1
-1
-1
-1
-1
-1
-1
-1
-1
-1
-1
-1
0.022385170990214077
0.022209506687733246
0.02223853680207269
0.021908673155861553
-1
-1
-1
-1
-1
-1
-1
-1
-1
-1
-1
-1
-1
-1
-1
-1
-1
0.021281445259569907
-1
-1
