0.07619048382373567
0.07619087746802797
0.07619267332920227
0.0761894196765079
0.07618194392950539
0.0761830943132405
0.07618162051442104
0.0761819716604607
0.07618145288868718
0.07618032798135815
0.07617760178045178
0.07617429672403538
0.07617143637745094
0.07616841584514501
0.0761690179225119
0.07615532976515749
0.07617238283720985
0.07615935909550804
0.07616614630318139
0.07616149933907439
0.07615153704974668
0.07615588878063445
0.0761546925168229
0.07614680238367537
0.07613778858320086
0.0761373231315162
0.07613494255300392
0.07613595631105681
0.07613545861931839
0.07612762744263273
0.07612175794921587
0.07612161298170157
0.07611913061029241
0.07611439910058998
0.07610345935145169
0.07610041334273968
0.07609809318614626
0.07608982564146075
0.07608868281046549
0.07607732067153244
0.0760687121262787
0.07606426649341629
0.07605126664993611
0.07604096110549098
0.07603807934068901
0.07602709066783282
0.07602115365066708
0.07600773446103361
0.07599278555976019
0.07598667798594662
0.07594902340683814
0.07594393443835824
0.07592608133951823
0.07591521723050597
0.07588671769938006
0.07585398897211602
0.0758438297479147
0.0757934693185432
0.07576136882141692
0.07570111858647484
0.07566676883832783
0.07562075630711045
0.07554662751813307
0.07548116623087132
0.0754293261408524
0.07532677875906582
0.07522915305820763
0.07514734358370445
0.07505089983027033
0.07487252102394194
0.07474546759404753
0.07461703584549274
0.07444191959732814
0.07423805626853419
0.07407344125968626
0.0737299407345747
0.07347398503170509
0.072873711698726
0.0723669220651577
0.07147850601385672
0.07084991402096219
0.07043100846292842
0.06997712255933324
0.06963048381444692
0.06951825359470737
0.06914384748355153
0.06907992565885504
0.06873947683519223
0.06863106717454627
0.0687212335866112
0.06833160797191286
0.06793505097111911
0.06770735807170823
0.0676630555033402
0.06724852726532776
0.06719376471589361
0.06686308434669008
0.06677601134523432
0.0665167663677928
0.0662645795384761
0.06612746811363995
0.06584810635722275
0.06562421716415008
0.06526621442032762
0.06502682999234391
0.06438617610480488
0.06428955863835399
0.06410289994368316
0.0638645375592207
0.06373469812650207
0.06336374784474114
0.06329526884335998
0.0632915770753901
0.06312496741049115
0.06274886587832837
0.06277749932967742
0.0624913911729276
0.06234126316458339
0.06192753151517106
0.061831772242877496
0.06145908674731604
0.06112998061709934
0.060983178463387994
0.06075668329324565
0.06054966370828327
0.06038149614987926
0.05981087081539434
0.059605706217159334
0.059945858905783224
0.059426298660025814
0.058938197886690184
0.05901922080533724
0.05863598616128836
0.058362175555939366
0.05806478580402708
0.057633110197441516
0.05776770041625832
0.05725632176049776
0.05727449878169572
0.05722039873154732
0.0569003960765
0.056712966551453796
0.05670870359344122
0.056204841942933716
0.056335510317033634
0.05600858845045663
0.05585761335160997
0.05543705819628199
0.055305379333225546
0.055395227233850645
0.05532391567320407
0.05526468595996253
0.05483644679364865
0.054770683114973934
0.054545268719359774
0.05473855094143121
0.054297381033570485
0.05440820261096278
0.05403243914845424
0.05419568164410602
0.0540407158804278
0.0538745526162727
0.05350716102771443
0.053519462637303845
0.053230672694267116
0.053265312264715245
0.053001628643513855
0.053157603148872974
0.05305314915118206
0.05305441733511345
0.05248709902977549
0.05272399714088891
0.05247417133187007
0.052446068939587746
0.05231885701488378
0.052342941687744
0.05225998690224144
0.05226494662868779
0.05177513955614527
0.051598667027538826
0.05204602685662308
0.05161522979150145
0.051605459477039095
0.051511122205296876
0.05138285047337237
0.051428533840404904
0.05113848444981496
0.05100480377251375
0.0506122104946885
0.0507909604561808
0.05062487373397142
0.050676424339871594
0.050840637306231416
0.05044983600048309
0.050527209085775605
0.050409074314378965
0.05007965728182601
0.05023905058560924
0.0503259225940028
0.04997134000133397
0.04989165160672885
0.049527826489568036
0.04934964907084796
0.04992279476589626
0.049527713198470165
0.04972630899848667
0.04939569643485067
0.04965726562707418
0.049113484420956734
0.04925765557210214
0.04890577787484965
0.04887691282493285
0.04887544562066982
0.048828691455489355
0.04913662922861446
0.04833814201625526
0.04828054668210077
0.048351565489532254
0.0484784377100338
0.048366191877540966
0.04829723868809693
0.047942454144182495
0.048068692610900736
0.04805378699697219
0.047845667473813316
0.04775443003814553
0.04757654813446333
0.04763750207057799
0.047487190711019166
0.047054326167906994
0.04744926502236801
0.04688548300564993
0.04675075540024057
0.046700674647698726
0.04696447361727415
0.04677407871183211
0.046651580964983494
0.0465364940341201
0.046086761010172235
0.04637373480109176
0.04603593862366733
0.04611609066631777
0.04621023229955218
0.04549947861520393
0.04558863893468329
0.0457633752067602
0.04583473414112208
0.04537384095766866
0.04538686779937563
0.0451655480033117
0.044889247952905394
0.045031497157211844
0.04491096599727657
0.044892280152503475
0.04495904059556641
0.044676967687358814
0.04428213076670401
0.04461478823465658
0.04420923794978617
0.044079095646562864
0.04400901013795929
0.044871721763701015
0.04395733530639757
0.043778743867896694
0.043662523716054065
0.04386520219469183
0.04336375480002545
0.0435444527484001
0.042878138511738884
0.04310878247515811
0.043285806043773675
0.04276447451142836
0.043229553490947606
0.04285781493423678
0.0426228501836177
0.042491920338173
0.042857743549572384
0.04263870493458236
0.04254695591351665
0.0424561131366883
0.04216903363559263
0.04173816279034806
0.04214834346838877
0.041719791877917925
0.041652731185263775
0.041446838818543344
0.0414905814977966
0.041716127502720975
0.04161043820933529
0.04096448063568584
0.04116374000589898
0.041348451192779176
0.04116516479645497
0.0405239592207239
0.040669869333857904
0.040908312994819444
0.04085255717554836
0.04105776379294429
0.040401679206965385
0.04023092136879058
0.04062562059285229
0.04072048666911204
0.040021250264864444
0.04029449588018106
0.040233614484187274
0.040117615419076685
0.03990233508125828
0.03969392164942784
0.03975717939665414
0.039170771428597456
0.03935115297917215
0.039428519188089574
0.03907970860776608
0.03909493887678106
0.039163029757515476
0.039134094506572605
0.039558576720262535
0.03879406142178438
0.038743172103349766
0.03810021990016279
0.03848527124587525
0.038840801749669064
0.038223915573552994
0.03816143888671911
0.03773824751518015
0.03838053544362387
0.03796660516842601
0.03788545276819955
0.03801485579064552
0.03787063709669361
0.0374938958361921
0.037706088540683684
0.03755251876569527
0.03716665306271673
0.03651314941422032
0.037621128939567726
0.03765086270956847
0.03692498643911195
0.03679925783869786
0.037239464800408545
0.036919399511165935
0.037132154739776685
0.03653085051417069
0.03680239548074438
0.035876294315284024
0.03633443122778097
0.035837854152593766
0.03599651062742193
0.03624053588995697
0.035339037070037625
0.03553802671161949
0.03606466243734878
0.03589726421568129
0.035525766106643854
0.035763487424129006
0.035117314879212255
0.035120528823658646
0.034797829234571885
0.03501540543621595
0.0350340237713311
0.0352357639488599
0.0346251474063729
0.034972220532437585
0.034567809964466324
0.034327441059387606
0.034076468276639356
0.0344079470521733
0.0340494267061247
0.033760000557482385
0.03430718917655043
0.03391687878480194
0.03409849611016312
0.033483437274364716
0.03362254999208112
0.03328075802072566
0.03358616855691229
0.03355059760400308
0.03378546404218561
0.03292824773923725
0.03301207225937088
0.03264300840120789
0.03276870804475554
0.032566959433803604
0.03254591769078663
0.03231244795993146
0.031700939475503655
0.031763201374252356
0.03240922538664888
0.03167244956848469
0.031461652648364404
0.03206195638253052
0.03188737165843341
0.03176866397085483
0.03129370717010318
0.03197845622157374
0.03116232426594899
0.031353533070701795
0.03114034174181891
0.03166579284284696
0.03150791346885916
0.031656016469283586
0.03076962002907521
0.03035539976953051
0.0308541383937741
0.0302202304627033
0.03007263536289792
0.030038832462707592
0.03019925272070206
0.0295393878299012
0.030000322521719247
0.02977208774845087
0.029986104573482036
0.029028530718305152
0.0295700402265463
0.02940196949398546
0.029219953662960242
0.028928243634830413
0.029213661779748636
0.028967791654821263
0.029060759802236626
0.028802280638798472
0.02869372444654469
0.02897868771502312
0.028154319718515338
0.02842748882359083
0.028078482830214444
0.027715618228517806
0.02851661524028643
0.028296675644022353
0.028502549738325972
0.028068780293137748
0.02739960385693444
0.027535865661945748
0.02759679934234484
0.027715050103252942
0.027498720829368484
0.027906074274516274
0.027970287570153005
0.027270383755929644
0.026930071913745107
0.026670053534333025
0.02710783841621228
0.026322110990683236
0.0266542049728105
0.02588696281819761
0.0259622082360811
0.026006968890098816
0.0261313407979113
0.025949641315367766
0.02614355273280583
0.02575168039640918
0.02580264762360999
0.025652989223775572
0.025107576146757068
0.025263823586434617
0.024886837171888238
0.025311308746924076
0.024809070005484508
0.02511810488100593
0.025045280257156275
0.02461211908934528
0.02454486670364443
0.02445933506702982
0.023730084106290877
0.024379085832171972
0.024290585708110893
0.023743946579049383
0.024454310698430307
0.024166728593144855
0.02462234058490036
0.02395283728837967
0.02332308464650567
0.023554935737845464
0.023567597194625412
0.023253899062356205
0.023173264095264684
0.023656350300244405
0.022980986761004085
0.02255298780634048
0.022622039857767434
0.022448291740518937
0.02288673337610619
0.022682526385319146
0.022529844224593882
0.021600056034523828
0.022237343658158118
0.021787783885748955
0.021870910892390755
0.021053427993264887
0.0216087053078568
0.021528597545961963
0.021441262921683895
0.021462328020421605
0.021052628973978915
0.021326257225046767
0.020487257338021102
0.02105922733145121
0.020999527558790032
0.02070193795165835
0.02064980711638223
