-1
-1
-1
-1
-1
0.07542948830323142
-1
-1
-1
-1
-1
-1
-1
-1
-1
0.07540406926733548
-1
-1
0.07539152444386091
-1
-1
-1
-1
-1
0.07515154627502942
-1
-1
-1
-1
0.07440055716233175
-1
-1
-1
-1
-1
0.07234723831786484
0.07181186148377715
-1
-1
0.070703657777583
0.07041619698532292
0.06991836492155419
-1
-1
-1
-1
0.06799580835905232
-1
-1
0.0673506240864269
-1
-1
-1
-1
-1
-1
-1
0.06603842411862045
0.06520593884538432
-1
-1
-1
-1
-1
-1
-1
0.06338892940615044
-1
-1
-1
0.061609249281101536
-1
-1
-1
-1
-1
-1
-1
-1
-1
-1
-1
-1
-1
-1
-1
-1
-1
-1
-1
-1
-1
0.05594887044586119
-1
0.05557482169299829
-1
-1
-1
0.05509312260346334
-1
-1
-1
-1
0.054028466685873563
-1
-1
-1
-1
-1
0.05256764888763427
-1
0.052385897910008666
-1
-1
0.05174774317467799
-1
-1
-1
-1
-1
0.05017096820424814
-1
0.049745734890953436
-1
0.04911935774029278
0.04870021225976162
-1
-1
-1
0.047952029109001156
-1
-1
-1
-1
0.04701683809522722
-1
-1
-1
-1
-1
-1
-1
-1
-1
-1
0.04530232104121662
-1
-1
-1
-1
-1
-1
0.044631952804620144
-1
0.04424045713710003
-1
-1
-1
0.043910200087750546
-1
-1
-1
0.04323174008091942
-1
-1
-1
-1
0.04246360847695929
-1
0.04266313011529016
0.04202080390980987
-1
-1
-1
-1
-1
-1
-1
-1
0.04110242528993575
0.04040802817364208
-1
-1
-1
0.04025898184932646
-1
0.03937389086015889
-1
-1
-1
-1
-1
0.03958037539583738
-1
-1
-1
-1
-1
-1
-1
-1
-1
-1
-1
-1
-1
0.03827322973091094
0.03768397945849621
-1
-1
-1
0.037543934168385674
-1
-1
-1
-1
-1
-1
-1
-1
-1
-1
-1
0.036232697670577005
0.035856484340839705
-1
0.034944798345448544
0.03488218525394065
-1
-1
-1
-1
-1
-1
0.03446530118340352
-1
-1
-1
-1
0.034041659656118176
-1
-1
0.03275418249798603
0.03240750478427918
-1
-1
-1
-1
-1
0.032242209378813134
0.031911321766063816
-1
-1
0.03159043212405971
-1
-1
0.031376514974676195
-1
-1
0.030463824311240777
0.030102967580810925
-1
-1
-1
0.030233043652088915
-1
-1
0.02945175915956497
-1
-1
-1
-1
0.028253494374087598
-1
-1
-1
0.028196096676783484
-1
0.027645234079634557
0.02799617754387074
-1
-1
-1
-1
-1
-1
0.027123155163936926
-1
-1
-1
-1
0.026143368211437444
-1
-1
-1
-1
-1
-1
-1
-1
-1
-1
-1
-1
-1
-1
-1
-1
-1
-1
-1
-1
-1
-1
-1
-1
-1
0.025181133855806025
-1
-1
-1
-1
-1
-1
-1
0.024138421901181095
0.0237446985100625
-1
-1
-1
-1
0.02306046612927171
-1
-1
-1
-1
-1
-1
-1
-1
-1
-1
-1
-1
-1
0.02272930564816858
-1
0.022014836637211627
-1
0.021889986415378385
-1
-1
-1
-1
-1
-1
-1
-1
0.021281433236769967
0.020752514165933017
-1
0.02006417736411095
0.0199282883987075
-1
-1
-1
0.019326757019782655
-1
-1
0.019150515137331896
0.018784936016700306
-1
0.01782112162804506
0.017725551781840012
-1
-1
-1
-1
-1
-1
-1
-1
0.017436270598993928
-1
0.017118080968006714
-1
-1
0.017189736392532216
-1
-1
-1
0.01709546701158168
0.015803839580812416
0.01566890008808648
0.015553881659279348
-1
-1
-1
0.015604740407195736
-1
-1
-1
-1
-1
-1
-1
-1
-1
0.01531473612565486
-1
-1
0.014894210596065053
-1
-1
0.014052720270959324
-1
-1
-1
-1
0.014111918319383117
0.013991778893548934
-1
-1
0.013650093152432046
-1
-1
-1
-1
-1
0.013688466126923678
-1
-1
-1
-1
0.013450345790135812
-1
-1
-1
-1
-1
-1
-1
0.014132992785851487
-1
-1
0.01295078156180069
-1
-1
-1
-1
-1
-1
-1
-1
-1
-1
-1
-1
-1
-1
0.012485415505275863
-1
-1
-1
-1
-1
0.01224699531849779
-1
0.012246118070649318
-1
-1
-1
0.012268378670312097
-1
-1
0.011401984648641625
-1
-1
-1
-1
-1
-1
-1
0.011640617412087492
-1
-1
0.010926868479515687
-1
-1
0.01008533432766734
0.010272130146088293
-1
-1
0.00996224926402945
-1
-1
0.00958018442711289
-1
-1
0.009573628186996355
