0.074466814056561
0.07446006340479272
0.07446931147511116
0.07446316194662829
0.07446811694019245
0.07446694849636355
0.07446143492212835
0.07446100589721351
0.07446221611249158
0.0744598248576861
0.07446352696483026
0.07445736638297931
0.07446179762683468
0.07445804847861236
0.07445505867107216
0.07445907515656916
0.07446116758485367
0.07446754614940551
0.07445561198211423
0.07446034269512825
0.07445145141724949
0.07444962606918458
0.07445651591627425
0.07445467385962967
0.07444633794923355
0.07445199071879013
0.0744438054426661
0.0744457713998553
0.07444218856626443
0.07444036411789229
0.07443964860509991
0.07444229897141777
0.07443791502569563
0.07444110829232517
0.07443853658485927
0.07443492778870617
0.07442689327538174
0.07443063998158088
0.07443422320075434
0.0744263511462353
0.07442436243967225
0.07442170449022976
0.07441722440591077
0.07441997386695882
0.07440646523735273
0.07440891214458126
0.07441041386031076
0.07441180350002896
0.07439245367949864
0.0743928770492019
0.07438216055178579
0.07438926709630098
0.07437789408023145
0.07436134654556645
0.07435494651691611
0.07435910772441853
0.07435020333673112
0.07434118713008747
0.0743321314654903
0.07430286137562878
0.07430151389294236
0.0742922420450298
0.07426499446447327
0.07424339374120666
0.07422458103724888
0.07421424073993035
0.07421450319315866
0.0741469944905078
0.07414265128801453
0.07409689419995742
0.07401715160380155
0.07397266025491801
0.07389413224397644
0.07377258786615336
0.07369201562475322
0.07339196937746115
0.07316595036385837
0.07288280690134054
0.07238036101719118
0.07179681798518507
0.07090583875815502
0.07042069171638181
0.06980332653477507
0.06995044847061692
0.06990515742340499
0.06974876762400418
0.06931514161616323
0.06926517422308498
0.06901465683291864
0.06885840410813487
0.06880794400474774
0.06845051181926881
0.06846168973053883
0.06813064707578674
0.06821848208692197
0.06784389179671871
0.06719912525135874
0.06729926767374948
0.06682741346384959
0.06679928219221995
0.06649623456990944
0.06591952033441344
0.0658157522144986
0.0649579267296187
0.06482628400756342
0.06437516418107436
0.06403731329421791
0.0636463458325985
0.06299154623499456
0.06263761796719944
0.0625354831109471
0.0622122412421954
0.061916131279217905
0.06193293921067066
0.06184224806063259
0.06130766662947251
0.06086534933259866
0.060418975064054005
0.06043474744914998
0.06031335743289753
0.059771937308607075
0.05973607337057108
0.0594731509524857
0.05919741466038953
0.05894871683454899
0.05865203145379326
0.05854164757175908
0.05837745807884196
0.05812820520683762
0.05774831546927398
0.05770245491655046
0.05736044674228143
0.05705248564080087
0.057035972872834316
0.05679712256973966
0.05651760191287635
0.05636082865157217
0.05614896649620282
0.05579925547391578
0.05582855409689027
0.05579681428616259
0.0557287010542466
0.05516054726675192
0.055016244261091286
0.0550216150412341
0.05464175762834575
0.05474074658036553
0.0541365238534151
0.05416444157654385
0.05417776474091564
0.053691591792350835
0.05392669403970724
0.05409459347994822
0.05347333879804997
0.0536636923201322
0.05271705148033697
0.05336105682136556
0.053156103663688725
0.05292435302888608
0.052939540870748765
0.05246902129078168
0.05286182669616453
0.052551328139806376
0.05220370221973429
0.05190365822167409
0.05204102318241911
0.0519522168244313
0.052133831373764816
0.0514885026489628
0.05175569455899961
0.051701400029370084
0.051542228251454644
0.051373931532600184
0.05120845727843416
0.05146764629292038
0.05089624152993256
0.05102849398661816
0.050811873806133424
0.05115467030404392
0.05108045432766815
0.05094160333155301
0.05066953585796921
0.05090489586729888
0.05055573918427418
0.05056914383510374
0.050289835666389164
0.050327577809439195
0.05028021387012821
0.04966008733867635
0.05004658358437674
0.05016604369541384
0.0495872976323665
0.049760529680072135
0.0499608302694768
0.049864648872951285
0.04962246520821296
0.049425908497401645
0.049370711447415
0.04927605907872038
0.04962990226128673
0.04957070601275668
0.04931390844586725
0.04884291688065645
0.04890446495817035
0.048986735048319775
0.04860774224016544
0.0488767363633107
0.04822308618746035
0.04891717735969153
0.048799179634957945
0.048122817872348185
0.04836335728431969
0.048383045582115806
0.04837239193466474
0.04796093654118458
0.04816507849731856
0.04778721756690917
0.04773556678442942
0.047881800337943106
0.04811003593743008
0.04771059381993954
0.04790205248603924
0.047832137747916254
0.04760084486393273
0.0474810134368444
0.047245431460460244
0.04726831755548153
0.04679961214168374
0.04705381129951169
0.0470796195644574
0.04711212199331937
0.04689416621894528
0.046913422632088884
0.0468121515130097
0.04696299473873046
0.04673429110622149
0.04671575027013403
0.04647364028380566
0.04597204419159183
0.04632680859527176
0.04656437780015231
0.04603183719347108
0.046228352582679606
0.04590213957501229
0.04604499532848677
0.04587504780196115
0.045585298345416705
0.04527997781002939
0.04600910182911752
0.045489554295964
0.04546438558403693
0.04521640712681485
0.04505483281580265
0.045292976795823746
0.045615402129139865
0.045653492164097705
0.04534882644437394
0.0448586783961787
0.04467403792306741
0.04528872304849548
0.04464042177097495
0.044867277659495886
0.04488885495861907
0.04459431952222017
0.04444069717772245
0.044696469127007254
0.04400790258237936
0.04445232300745509
0.044257182380902475
0.044150362246120074
0.044454226403866176
0.04425477454604485
0.04389990458912605
0.04409505790777283
0.0442325886047754
0.044177517126191335
0.04364515308421256
0.04361814414715832
0.0433144919634508
0.04380711503427305
0.043481622937554615
0.043624973297119146
0.0437593786542949
0.04391725487464843
0.04353708064138407
0.04347995712429366
0.043256055633976775
0.04355607052055009
0.04302528784924119
0.04299682227749066
0.0430773842688198
0.043059560584250804
0.043230663316269125
0.04262274959980638
0.04265557032711101
0.042715400409184374
0.042444722800241974
0.04256965432848249
0.042376368482800505
0.041897570444245864
0.042676844429777
0.04224318423361149
0.04248454255877801
0.04261760027260793
0.04246871223989523
0.042109843823466345
0.04216842554971536
0.041846842682265205
0.041805284460278536
0.04162117721578181
0.042389344622825356
0.04163863954518362
0.041801689063121046
0.041362080451934485
0.04120424433217216
0.041025363724186734
0.041269266444717775
0.041163319847333145
0.04114127049870247
0.04093347148432565
0.041147120076048406
0.04103408425323404
0.0408603852007267
0.04079195036078399
0.04062871377101805
0.04090924484710488
0.04064067380447593
0.04063578101823914
0.040491391224359886
0.040379736237127505
0.04026595999931068
0.040052237825573614
0.04008855430906352
0.04029234667029985
0.04068217251821348
0.040292145492574274
0.04049641697233257
0.03975483352604581
0.03947451644830627
0.039422362609050986
0.039749017847837465
0.039402853157321074
0.03940683863555003
0.039905776135683704
0.03962384192448742
0.039909382200626675
0.039165856028502845
0.039282140288391526
0.03901090538405343
0.03903225772785691
0.03918321775297592
0.03867359935755357
0.038639138458231394
0.03899344254054149
0.038438643985038816
0.03810263554040955
0.03870408268309025
0.03800220878297749
0.038249833628816426
0.037896002174387725
0.03830507437816527
0.03836750245158563
0.038162158891518486
0.038016628158703006
0.03804818407865869
0.03775633608877177
0.03770647087508456
0.037762321808910114
0.03716666618126101
0.03716791206293029
0.03710734555020808
0.03702502716583705
0.03718041322944621
0.03740570079284215
0.03725822106847223
0.036882514388092126
0.03710874810694363
0.03674881153029573
0.03664118347142263
0.03665930935636042
0.037313300804950475
0.0366473445995156
0.035849337950549676
0.03571585516402664
0.03627817184134635
0.036220979979738714
0.0363023160924166
0.035669220939800746
0.0355535379638569
0.03618286439993311
0.03581067156598896
0.03502479557078483
0.03586988243452622
0.03508462513874805
0.03561109657878824
0.03533698182221693
0.03473194647992075
0.03485901686701813
0.034253695293899496
0.034783317682878026
0.03416341324700821
0.03463771661336852
0.033925956857172306
0.03431840273890534
0.03449028736818833
0.03421766041424075
0.03421136372172929
0.03462579388502794
0.03387574201645556
0.03431758736021756
0.033809855009988954
0.03382142965363043
0.03415942436279955
0.03324271517622503
0.032995875730026124
0.03368263048624414
0.033840485081839754
0.032853378825431885
0.03356256362884193
0.033132100523000134
0.033098796018050367
0.03332455090756686
0.03259018074791386
0.03262238836674035
0.03238034264417993
0.03216098598392826
0.03236674857589434
0.03202132895950358
0.032113835818041364
0.031788596358260694
0.03174488856143386
0.03182412758670406
0.03234109280886997
0.03150777087378695
0.031107724034239982
0.031569755511142494
0.03136124286368851
0.03137986579673952
0.03097926699568962
0.03070034633749579
0.031267598279402904
0.031021644548585796
0.031068252569260303
0.030986681379719244
0.03092896343884121
0.03070994434009665
0.030466912473951068
0.030247344932144867
0.028882463537457815
0.029865545966233205
0.029320773747410735
0.02992058698379126
0.029282008830427805
0.029694568098716016
0.029478902588636086
0.030154862863355572
0.028894871650037738
0.02896760997746511
0.029070736873503325
0.02907766606608491
0.02902223570648872
0.028829206610625643
0.028662708538240503
0.02847026660435926
0.028151298452901714
0.027863638307849034
0.02902221539913805
0.028170500032985307
0.02756176957222972
0.027291164115432778
0.027978119005090143
0.027112552178195224
0.027352718667521307
0.027596670148186286
0.027138993666178453
0.027249918713402554
0.026485134102906177
0.027435757770049928
0.027194352178882074
0.027381507245035505
0.026084434038223928
0.026547261470090348
0.025976418276038773
0.025932755801234286
0.025934944400247538
0.025414984839945788
0.026104830169292152
0.025586886483061344
0.025388858662140013
0.02574557241082513
0.024971254085594752
0.02556711766276398
0.02528679767708894
0.025598102567009527
0.02578175341022625
0.024397917850962222
0.02406850788149872
0.0247294759252322
0.02408550110146042
0.02387772073964224
