-1
-1
-1
-1
-1
0.07487695029757534
-1
-1
-1
-1
-1
0.07485807349042195
-1
-1
-1
0.07482744452106921
-1
0.07481237582074918
-1
-1
-1
-1
-1
-1
-1
-1
-1
-1
-1
-1
-1
0.07312761968390405
0.07289013138954556
-1
-1
-1
0.0709360276457417
-1
0.070085037433035
-1
-1
-1
0.06824369126865211
-1
-1
-1
-1
0.06496142404189278
-1
0.06458596821399885
-1
-1
-1
-1
-1
-1
-1
-1
-1
-1
-1
-1
0.061737394785170305
-1
-1
0.06048075086702176
-1
-1
-1
-1
-1
0.058422698108807486
0.05788736724595067
-1
0.057557318333364756
-1
-1
0.05644277195297283
-1
-1
-1
-1
-1
-1
-1
-1
-1
0.053426036214440815
-1
-1
-1
-1
-1
-1
-1
-1
-1
-1
-1
-1
-1
-1
-1
0.05078481923596968
-1
-1
-1
-1
-1
-1
-1
-1
-1
0.04912177921956793
-1
-1
0.04822849051416082
0.04787120806169381
-1
-1
-1
-1
-1
-1
-1
-1
-1
-1
0.04623316161354706
-1
-1
-1
0.0454222575112733
-1
-1
-1
-1
-1
-1
-1
-1
-1
-1
-1
-1
-1
-1
-1
0.04363635087077857
-1
-1
-1
0.043091132162709225
-1
-1
-1
-1
-1
-1
-1
-1
0.041546989294894664
-1
0.04134761741167808
-1
-1
-1
0.04111064517401098
-1
-1
-1
-1
-1
0.040249866941756994
-1
-1
-1
-1
-1
-1
-1
-1
0.0395864344870818
-1
-1
-1
-1
0.039073413045102666
-1
-1
-1
-1
-1
-1
-1
-1
-1
0.037585641665833426
-1
0.03698320278953408
0.03662438731852586
-1
-1
-1
-1
-1
-1
0.036622745073261624
-1
-1
-1
-1
-1
-1
-1
-1
-1
-1
-1
-1
-1
-1
-1
-1
-1
-1
-1
-1
-1
-1
-1
-1
0.033916476263909486
-1
0.033177536709844906
-1
-1
-1
-1
-1
-1
-1
-1
0.03309276556257956
0.03254490186205401
-1
0.03191212506152104
-1
0.031373910464568514
-1
-1
-1
-1
-1
-1
-1
-1
-1
-1
-1
-1
-1
-1
-1
-1
-1
-1
-1
0.0295093480487503
-1
-1
-1
-1
-1
-1
-1
-1
-1
-1
-1
0.028588633776357182
-1
-1
-1
-1
-1
-1
-1
-1
0.02799806809683802
-1
-1
-1
-1
-1
-1
-1
-1
-1
-1
-1
-1
-1
-1
0.026949552904945724
-1
-1
-1
-1
-1
-1
0.025949092059923705
-1
-1
0.02620035951053547
-1
-1
-1
0.02468822383622167
-1
0.02491182710743209
0.0243832099728468
-1
-1
-1
-1
-1
0.02295188435371006
-1
-1
-1
-1
0.02372938455927986
0.023087358555496547
-1
-1
0.021957527153537205
-1
0.021732715846400272
-1
-1
-1
-1
0.02141310058150511
-1
-1
-1
-1
-1
0.02165632503142525
-1
-1
0.020746580129716457
0.01990595626314158
-1
-1
0.020271512211822884
-1
-1
-1
-1
-1
-1
-1
-1
0.019583067112175754
-1
-1
0.019265688192553636
-1
-1
0.018930780645308457
-1
-1
0.01870449186986701
-1
-1
0.018716325095998562
-1
-1
-1
-1
-1
0.018511847687284474
-1
-1
0.0177667224754486
-1
-1
0.017995833656006068
-1
0.016659030479790393
-1
0.017159311340107182
-1
-1
-1
-1
-1
0.01709382496875153
-1
-1
-1
-1
-1
-1
0.01609222198404917
-1
-1
-1
-1
-1
-1
-1
-1
-1
-1
0.01614336251889464
-1
-1
0.015549116906757924
-1
-1
-1
-1
-1
0.015294741808883542
-1
-1
0.014791376493002986
-1
-1
-1
0.01448792167876148
-1
-1
-1
-1
-1
0.013960151475296435
-1
-1
-1
0.01408851141044441
0.014409225533002114
0.01398066608563348
-1
-1
-1
0.01387985044217045
-1
-1
-1
-1
-1
-1
-1
0.013221426271810765
-1
0.013144697998032015
-1
-1
-1
-1
-1
-1
-1
-1
-1
0.012916544806666489
-1
0.012389751747856293
-1
-1
0.012343163239115945
-1
-1
0.012119546813289648
-1
-1
-1
-1
0.011914226231051655
-1
-1
-1
-1
-1
-1
-1
-1
0.012416755476698967
-1
-1
-1
-1
-1
-1
-1
0.012234560414381465
