0.07519823429631252
-1
0.07518832055052381
-1
0.07518753465224455
-1
0.07518122596158962
-1
0.07517881995971946
-1
0.07517911323015466
-1
0.07516972514798698
-1
-1
0.07516286845820142
-1
-1
0.07514823277791342
-1
0.07514369015080737
-1
0.07513310228817344
-1
0.0751185499245305
-1
0.075105864601717
-1
0.0750819263375143
0.07507151985999545
-1
-1
0.0750385554527665
-1
0.07499003296064656
-1
0.07491430519453061
-1
0.0747819764421916
-1
0.07455182761148689
0.0744254875806422
0.07426282980343356
0.07408756970839822
-1
0.07367909697405914
-1
-1
0.0729946830433698
-1
0.07220017478876384
-1
0.07170446692988244
0.07122045280107485
-1
-1
0.0705588449839673
-1
0.06978951258856746
0.06919094046216645
-1
0.06807002740747789
0.06717445112781067
-1
0.06620863678668319
-1
0.0653131650683667
-1
0.06479051284540713
-1
0.06390395232015705
-1
0.06348655545893318
-1
0.06295938252883279
-1
0.062434976396996994
-1
0.06183136782095583
-1
0.06140484238501987
-1
-1
0.060725868345605526
-1
0.059715436019149484
-1
0.059270071827508264
-1
0.05810384064718009
-1
0.057194715543510084
-1
0.0566360246122273
-1
0.05597199079517705
-1
-1
0.05501394121215754
-1
0.054665723657296376
-1
0.05411320989687718
-1
0.053500812505584916
-1
0.053346177591477605
-1
0.05282476498930023
-1
0.05238694261621546
-1
0.052680555719695585
-1
0.05218483877078121
-1
-1
-1
-1
0.05122546277015038
-1
0.05122461381301381
-1
0.0513001090301148
-1
0.05071801012118138
-1
0.05018521877155844
-1
0.05005378842613536
-1
0.0499735738197443
-1
0.04944484857172748
-1
0.04953867537263691
-1
0.049295468268051645
-1
0.04907857104324307
-1
-1
0.04895800027452523
-1
0.04864069062380489
-1
0.04798637994753769
-1
-1
0.04774998221262348
-1
0.047356975649956265
0.04705327120741468
-1
0.04697102903021187
-1
0.04696266500518732
-1
0.04697808063627588
-1
0.04623462260418728
0.04622860765145495
-1
0.04632846893568184
-1
0.045694209313860125
-1
0.04567109247697984
-1
0.04511364994485394
-1
0.044986722438164005
-1
0.04486416209497223
0.04434822314704945
-1
0.04463936007360487
-1
0.04406785619544567
-1
0.044016604667655265
0.0438717771719224
-1
0.043638109485568045
-1
0.04326157333544397
-1
0.04295416987279921
0.042489070154742736
-1
0.04271281853740252
0.04260584954862241
-1
0.042747517530694765
-1
0.0421103425794697
-1
0.04205088025863914
-1
-1
0.041505175712061866
-1
-1
0.041290849226492427
-1
0.0412623714517664
-1
0.040945266248873374
0.04075537961552605
-1
0.04034546364366619
-1
0.04017646133510116
0.03977147190139704
-1
0.040144029655747426
0.039558445706087
-1
0.03885618432674533
-1
0.03982865503930318
-1
0.03925142724529591
0.03857188941606509
-1
0.03889297839083703
-1
0.03847687026254491
-1
0.03812296715177482
-1
-1
0.03742725989397835
-1
0.03738676540732124
-1
0.036938115181746306
-1
0.037005542228424476
-1
0.03686579071098942
0.036633278575598026
-1
0.03663789096221425
-1
0.03679136398830705
0.035756725735134554
-1
0.03548059295984655
-1
0.035121581575190054
-1
0.03529319434643831
-1
0.03509998491646678
-1
0.03441459472922198
-1
0.03434264485872389
-1
0.03461671265122158
-1
0.03350024450578461
-1
0.03392692116091194
-1
0.03307416211805572
0.03267548002448736
-1
0.03295761233840893
-1
0.03229413851933282
-1
0.03164648435733937
-1
0.03242952511980643
-1
0.031949446351959294
-1
0.032053395917472756
0.03075853491400841
-1
0.030941638824467044
-1
-1
0.030901452827557498
0.03095586034986708
-1
0.03006967296397764
-1
0.029859178881759475
0.02953637713700338
-1
0.02973440021990691
-1
0.028847431474261814
-1
0.028850514287522677
0.029379803344834605
-1
0.028669232441708933
0.028127647446131655
-1
0.02806258258736471
0.027574838194712053
-1
0.027454189407539784
0.02703546479766405
-1
-1
0.027376304732428657
0.02601340628007918
-1
0.02653549995946988
0.026325405611451674
-1
-1
-1
0.026289040778716924
0.025449728848887423
-1
0.02552209711412459
0.025352436927408954
0.024760134488928554
-1
0.024650140609876265
-1
0.025288770719551053
0.02400733158479329
-1
0.023786336391320155
-1
0.022912317572855483
-1
0.02325431561677804
-1
0.02310660224334866
-1
0.023328051393068434
-1
0.022025551989447317
-1
-1
0.022856184061056647
-1
0.022532165193349968
-1
0.02159866224446847
-1
-1
0.022146541626884526
-1
0.021496356942554962
-1
0.020969697047422655
-1
0.021395517570780252
0.02132398698779233
0.020390738553341177
-1
0.020401620325959064
-1
0.01988695144393605
-1
0.01988248973435566
0.019131387792901015
-1
0.019502627226262313
-1
0.01916882902189018
-1
0.01914473966510727
-1
0.01955216411087248
-1
0.01896183530359746
-1
-1
0.018292202412562693
-1
0.017897900010505792
-1
0.018317750670941046
0.017806955805141682
0.01724622113902065
-1
0.017294976397667056
0.016688455131578548
-1
0.016961276232546972
-1
0.01642111062451645
-1
0.015821036050392392
-1
0.0163749502537557
0.015579315688874986
-1
0.015248289507913175
-1
0.015452255487182301
-1
0.015104585113348785
-1
0.015196613944693588
-1
0.014757230713931044
-1
0.014679622530028191
-1
0.014346944479056692
-1
0.014298025822197951
-1
0.013895860979889473
-1
0.01384430679620481
0.013760518625151359
-1
0.013137891447102581
-1
0.013403644284521572
0.012505411806319533
-1
0.012888198558541425
-1
0.012966477039852434
-1
0.012533288718503545
-1
-1
0.012097067403767365
-1
0.012488589736111543
-1
0.012373441295426396
-1
-1
-1
0.012231668943543321
-1
0.011855584835889292
-1
0.012292703047946647
-1
0.01130171956774456
-1
0.011895847333542403
-1
0.011279606849994015
-1
0.011242466320918796
0.011021131554655
-1
0.010998851977986708
-1
0.01041809225734932
0.010412432915634578
-1
-1
0.010648643071225525
-1
0.01062797217554776
-1
0.010388496747009117
0.009967920882120111
-1
0.009626486567143263
-1
0.009917455082170843
-1
0.009582427673220375
-1
-1
0.009504481372555357
-1
-1
0.009581345043800496
-1
0.009426986329533435
-1
0.009382720418225706
-1
0.009422284816767136
-1
0.009222149469104468
-1
0.00851669158291453
-1
0.008101590197687575
-1
0.008674434372802187
-1
-1
0.007992963984706043
-1
0.008285418136982746
-1
0.008186163674544925
-1
