-1
0.03715679331571477
-1
-1
-1
0.02941472888483432
-1
-1
-1
-1
-1
-1
0.02820908468937187
0.028056711473582702
-1
-1
0.02763175616048491
-1
0.026973198274526086
-1
-1
-1
0.025925979496520243
-1
-1
-1
0.025145217322518308
-1
0.02467278909290769
-1
-1
-1
0.023882912412101838
-1
-1
-1
0.023117801338556863
-1
-1
0.02292683036239059
-1
-1
-1
0.02235315626050219
-1
-1
-1
0.021990109716423255
-1
0.021934008647384956
-1
-1
-1
0.021539170849961018
-1
-1
0.021220188572573562
-1
-1
-1
0.0209105200237698
-1
0.020760418995908258
-1
-1
-1
-1
0.020411386926478318
-1
-1
0.02017705788828218
-1
-1
-1
-1
0.019807945063084732
-1
0.019543918096479564
-1
-1
0.019436316848291783
-1
-1
-1
0.01924743333471165
-1
-1
-1
0.018797316816118025
-1
-1
0.01868397657272747
-1
-1
-1
-1
0.018511564814995347
-1
0.018302593383278866
-1
