-1
-1
0.03778558352314834
-1
-1
-1
0.033610357911310576
-1
-1
-1
0.0319275549963011
-1
-1
-1
0.0305291037751146
-1
-1
-1
-1
-1
0.028219436922817365
-1
-1
-1
-1
0.027088852131620367
-1
-1
-1
0.02621850488315519
-1
-1
-1
0.025397950368570097
-1
-1
-1
-1
0.02452907866620003
-1
-1
-1
-1
-1
-1
0.02335279929158817
0.023051286758260525
-1
-1
-1
-1
-1
-1
-1
-1
0.02226819518610095
-1
0.021953455494368897
0.02183267484038152
-1
-1
-1
-1
-1
-1
-1
-1
0.02118234042580246
0.021068435752363633
-1
-1
-1
-1
-1
-1
-1
0.0205704785971495
0.02032589134595073
-1
-1
-1
-1
-1
-1
0.019987302666296634
0.01982261120004857
-1
-1
-1
-1
-1
-1
-1
-1
-1
0.019440287450244804
0.019212197242899146
-1
-1
-1
