0.07269093995345266
-1
-1
0.07268473434448242
-1
-1
0.07269075363560727
-1
0.07268329931560315
-1
-1
0.07268384943510356
-1
-1
0.07267896993536699
-1
-1
0.07266052406712582
-1
-1
0.07262459293164705
-1
-1
0.07256271071183054
-1
0.07249214985496119
-1
-1
0.0723058110287315
-1
0.07213644469411751
-1
-1
0.07138139604267321
-1
-1
0.06902710422716642
-1
-1
0.06737831928855494
-1
-1
0.0665040306794016
-1
-1
0.0658061731740048
-1
0.06510986804962159
-1
-1
0.06421807635457892
-1
-1
0.06304234951420834
-1
-1
0.062017638959382705
0.061726338838276114
-1
-1
-1
0.060299940862153706
-1
-1
0.05900940423262747
-1
-1
0.0576199725803576
-1
-1
0.05630675185354133
0.05615124943381861
-1
-1
-1
0.05465538331081993
-1
-1
0.05345707125412791
-1
-1
0.05313502482364053
-1
0.05254091779809249
-1
-1
0.05214262244575902
-1
-1
0.05104184336411326
0.05113855070816843
-1
-1
-1
0.05061783735375656
-1
-1
0.04987597485592491
-1
-1
0.049396522321199114
-1
-1
0.049081812206067534
0.04886065513209292
-1
-1
-1
0.048221217506810236
-1
-1
0.047793069437930456
-1
-1
0.04756730862667686
0.04718071500878585
-1
-1
-1
-1
0.04654916211178428
0.04641386007007799
-1
-1
-1
0.04604408550262451
-1
-1
0.04563611477299741
-1
0.04513498803188926
-1
-1
0.04483266755154258
-1
-1
-1
0.044659372229325145
-1
0.04433048338639108
0.04400114983006528
-1
-1
-1
-1
0.04337706089019775
-1
-1
0.04304514488420988
-1
-1
0.04287001659995631
-1
0.04228624027653744
-1
-1
-1
0.042498968174583034
0.04191010266856143
-1
-1
-1
0.04162946051045468
-1
-1
0.040849407647785385
0.0411076703824495
0.040602093144467
-1
-1
-1
-1
-1
0.04017835243124711
-1
-1
0.03981352547595375
-1
-1
0.03965670138911197
0.039211728221491764
-1
-1
-1
-1
0.039322123929073936
-1
0.03906633276688425
0.038221186286524725
-1
-1
-1
0.03848683063607467
0.037999335665451855
-1
-1
-1
-1
0.03764507519571405
0.03721413326263428
-1
-1
-1
-1
0.0368134325178046
-1
0.03653915031332718
-1
-1
0.03652269072281687
0.03603087678708528
-1
-1
-1
-1
0.03488506143971493
-1
-1
0.03554414463043213
0.034635047084406796
-1
-1
-1
-1
0.034574920754683644
0.03437960228167082
0.03425446753752859
0.033577170346912585
-1
-1
-1
-1
-1
-1
0.03316083998429148
0.03290369824359291
-1
-1
-1
0.032480893938164966
0.03204662297901354
-1
-1
-1
-1
0.03193924753289474
0.03146434420033505
-1
-1
-1
-1
0.031200117086109362
-1
-1
0.030345663698096024
-1
-1
0.030217104786320736
0.029617562946520352
-1
-1
-1
0.029306746219333848
0.029328423826318038
0.028515033772117213
-1
-1
-1
-1
-1
-1
0.02809184992940802
-1
0.027849602184797588
0.027837930591482866
0.02744941705151608
-1
-1
-1
-1
-1
0.027120756299872147
0.026867146454359354
-1
-1
-1
-1
0.026252220367130482
-1
-1
0.02574037530547694
-1
-1
0.02550054631735149
-1
-1
0.02478104080651936
-1
-1
0.02478202922720658
-1
-1
0.024229782242523996
-1
0.02429378008842468
0.02391487509325931
-1
-1
-1
-1
0.023974191665649413
0.023594990868317452
-1
-1
-1
-1
-1
0.022690589227174457
-1
0.02285731634340788
0.022300756517209506
-1
-1
-1
-1
0.02168279729391399
0.021588531814123457
0.020586393532000088
-1
-1
-1
-1
-1
0.021404393660394767
0.020143412332785757
-1
-1
-1
0.020622848015082507
0.020016932173779135
-1
-1
-1
0.01963072018874319
-1
0.019377000080911738
-1
-1
0.018676891879031533
-1
-1
-1
0.018885584818689446
0.017995440545834993
-1
-1
-1
0.018288307020538734
-1
-1
0.01763258656075126
-1
-1
0.017614652843851792
-1
-1
0.017191269033833553
0.016731884416780973
-1
-1
-1
-1
0.01635686779649634
-1
-1
0.016531014655765734
-1
0.015795422459903515
-1
-1
0.015628670322267633
-1
-1
-1
0.01626910118052834
-1
0.015225955166314777
-1
-1
0.014722783377296047
-1
-1
0.014418190021263926
-1
-1
0.014409599677512519
0.01368652192856136
-1
-1
-1
0.013992696862471732
-1
0.01371359221558822
0.014162235115703782
-1
-1
-1
0.013552769620167581
-1
-1
-1
0.013104586369112919
-1
-1
0.012111458044303091
-1
0.01230356396499433
-1
-1
0.012513941435437454
-1
-1
0.012401200821525172
-1
0.01134513322930587
-1
-1
0.011392964639161762
-1
-1
0.011174737324840145
-1
-1
0.010878019295240704
-1
-1
0.010886563448529495
-1
0.010449747211054752
-1
-1
0.010684569644300562
-1
0.009903044794735156
-1
-1
0.010488293792072096
-1
0.009780707023645703
-1
-1
0.009669284387638694
-1
-1
-1
0.009400236865407542
-1
0.00916632653851258
-1
-1
0.009351590862399653
-1
-1
0.008382628092640324
-1
-1
0.008563073142578728
-1
-1
0.009465532826749902
-1
-1
0.009044807308598569
-1
-1
0.00839404978093348
-1
-1
0.008596441733209711
-1
0.0080898393361192
-1
-1
-1
0.007966891926370168
-1
0.007703364676550815
-1
-1
0.007905927258102517
-1
0.007330234230348938
-1
0.007964311507187391
-1
-1
0.007280342641629671
-1
-1
0.007598578846768329
