0.07225786871491116
-1
-1
0.07224739106629184
0.07224471419426189
0.0722421349840683
0.07223814820644746
0.07223850703139685
-1
0.07223618349769624
0.07222963636390334
0.0722344055335392
0.07222310459264653
0.07221948092951436
0.07221866422118503
0.07220821929277237
0.07220726122915995
0.07220294325920329
0.07220517362012026
0.07219603520556972
0.07218710558185018
0.07219046618649153
0.07217440575236556
-1
-1
0.07216132255777655
0.07215308045742402
0.07214360396732347
0.07213275502416379
0.07211952249375347
0.07211144618908231
0.07207561347275099
0.07206058731637739
0.07203615908842206
0.07199174190664889
0.0719532636419001
-1
0.07184636792378446
0.07177721316844349
0.07162494499813063
0.0715039966495466
-1
0.07117723610610643
-1
0.07083442839618508
0.07059452034938285
0.0703980952625993
0.07014244221244396
0.06982316222649738
-1
0.0690131072718728
0.06850691011261242
-1
0.06781567958608332
0.0676869910132436
0.06731391117662566
0.06700214955597243
0.0665133697218476
0.06626844670483258
0.06579051985401488
0.06502053233868905
-1
0.06414160060084514
0.06371172651586174
0.06344168405652545
0.06317961385559338
0.06298701299284293
-1
0.06288889047989786
0.06263164371626148
0.062341934916364604
0.06232288023417963
0.06215120648739228
0.06194322144137267
0.061831490315154
0.06198042975310003
0.061635383202939854
0.06131439473339704
-1
0.0613319783529976
0.06084131236854457
0.06079758380746243
0.060490499630133976
0.060325859829970484
-1
0.06009324325178458
0.059570133336917123
-1
0.059128878655293995
0.05871836505674418
0.05868899034156959
-1
0.05804510121564985
0.057694895097900135
-1
0.0570757082316666
-1
0.05674535539858511
0.05611591319159983
0.055809518333259485
0.05543064238137281
0.055141259037799914
-1
0.05481628114708298
0.05427181516232351
0.05389607690867021
0.053923912427415406
-1
0.05326419225796496
0.05322292374766521
0.0528574933068024
0.052690135484958794
0.052234666566968464
0.052220723170116855
0.05180826416574263
0.05183615494971495
-1
0.051439715130059786
-1
0.05121163668492848
-1
0.05104401575471566
0.050419389902298425
0.05070557015710296
0.05012710877542216
0.04995414512426784
0.05000541873556799
-1
0.04976275321329987
0.049418692858149316
-1
0.049405530805867084
0.04886159033954892
-1
0.04880274000526971
0.04835690584142837
0.04822372791657388
-1
0.04825089890587779
0.047911691815284506
-1
0.04798044529918846
0.047600582204603246
-1
0.04720421770127747
0.047229733776347906
0.04686859197696382
-1
0.04706166374134718
-1
0.0467267767654802
0.04627761322085328
-1
0.04594639559669973
-1
0.04616679372149032
0.04558868502972016
-1
0.04574700404410582
0.04516691642825075
0.044998997973597694
0.04500399448881588
0.04488336351626089
0.045128586152607425
0.04489022104311189
-1
0.044459181400522525
0.043992997562536135
0.04405981012966843
0.044091554964935435
0.043642229664774615
-1
0.043596863796521425
0.043555396072036554
0.04314263804687117
-1
0.04312835028979569
0.04284126424390402
-1
0.042732080555361186
-1
-1
0.0423976475474226
-1
0.04170347427224515
-1
0.04212351107198324
0.04163574820781851
0.04155913274657277
0.04106676610942665
-1
0.040981660677299345
0.041126950465485645
-1
0.040581229291700424
0.040766725056341005
-1
0.04097334615356253
-1
0.04018329696176441
0.04009820798949717
-1
0.04007442204523286
0.04010286196505175
0.03989003293185055
-1
0.0391775063640403
0.039395002066839685
0.039321996402540964
-1
0.03930632327391014
0.038886224724757626
-1
0.038669819936592714
0.038427268835291205
-1
0.03843432440418579
0.03828772989775845
0.037849398836431146
0.0380133282439978
0.03738675464147305
-1
0.03771340141236532
0.037420369541295906
0.03709424676755482
-1
0.03685677280984663
-1
0.036549170396318
-1
0.03682410926499626
0.03672384864116812
0.03647435586821584
-1
0.036113273872989994
-1
0.0358906588045623
-1
0.0363216080675564
0.03565128181269977
-1
0.03593478903610836
0.03549630402521109
0.035102828376961555
-1
-1
0.03536275278574253
0.03462548547708839
0.03491188629401778
0.03451153077341024
0.03423880585566724
0.03412680780538455
0.033896326694528425
0.03396589284661425
0.03298222709400384
-1
0.033310280933539736
-1
0.03360669772495285
0.03327950366371346
0.032181389361744646
-1
0.03245603928506125
0.03233526441342661
0.03190922821914801
0.03184526837021736
-1
0.03187519444082571
0.03135496407871965
-1
0.031292030726516595
0.031240579972207298
0.03142648326801954
-1
0.030645364398238048
0.030550256184454245
-1
-1
0.030944689746681117
0.029744303326227673
-1
0.030423594219415255
0.02974688513009618
0.029607156056240515
0.028905779871481734
-1
-1
0.02935640704681684
0.028649262578916347
-1
0.028848501254325132
0.028899673437972447
0.028603424337618522
0.02832748700385313
-1
0.028182966414854616
0.027564666011842223
-1
0.027911293631318224
0.027391371018716977
-1
0.02718651723662181
0.026593542622721844
-1
0.026604971563965706
-1
0.0267068705798193
-1
0.026545887113116274
0.025760331213723665
-1
0.025948127530608715
0.02565047840693007
-1
0.02550896591970611
-1
0.025234943029770793
-1
0.02511976316384192
0.024860654465822994
0.024296283460062417
-1
0.024152923590468563
-1
0.024219772406701763
0.023676036242161833
0.024031949305135334
0.02335422319597779
-1
0.02327301731668257
0.022948499316949724
0.022771819702750967
-1
0.02185529881940227
-1
0.022400297205817248
0.022041493342511324
-1
0.02208842450604778
-1
0.021349924740432197
-1
0.02179729614297715
0.02091474226329117
-1
0.020820790853460464
-1
0.021339343469512016
0.020646868178535206
-1
0.020866707042171365
-1
0.01982783652748523
-1
0.020177104582846415
-1
0.019513169554486932
-1
0.01974767339279462
-1
0.019928511253959464
-1
0.018827274304553554
-1
0.019003898628586008
0.01815059089012226
-1
0.018232389779519832
-1
0.018320783947800994
-1
0.017669704207316603
-1
0.017558220926687806
-1
0.017489066296042757
-1
0.017549831523057304
-1
0.016854789129859733
-1
0.01669828599965722
-1
0.016719265743528947
0.016427560256614845
-1
0.016629595848805735
0.01600851891679245
-1
0.015306589824135833
-1
0.01599286814613821
0.015530481722564377
-1
0.015608886819504295
0.014988645611946553
-1
0.014522353176292515
-1
0.015077004765616303
0.015167979889833778
-1
0.014240469942531826
-1
0.014193421521196806
-1
0.013985847488482129
-1
0.014340165363445442
-1
0.013820787871482483
-1
0.013565306889212779
-1
0.013387784181030225
-1
0.012860881490438054
-1
0.013398452065729196
-1
-1
0.013617448514974267
0.012285097579327588
-1
0.012539486188020667
-1
0.01175522976340609
-1
0.012607840295865445
-1
0.01212201881608205
-1
-1
0.011619474604788186
-1
-1
0.012166835174400937
0.011876667549669992
-1
0.01173616585372382
-1
0.01146447220544436
-1
0.010827967854972663
-1
0.011327911875986155
-1
0.010149396083095582
-1
0.010439745636041194
-1
0.01041559392438274
-1
0.010318693955074294
-1
0.010439019048563107
-1
0.010158583683947639
-1
0.010342131966576915
0.010410214820292207
-1
0.009675736379299204
-1
0.009317886193427083
-1
0.009723378742838504
-1
0.009599863161102997
-1
0.009367445803337017
-1
0.00950284513905956
-1
0.009704805577025752
0.00869498636620314
-1
0.008670743480013007
-1
0.00805118184957544
-1
0.008929645176587245
-1
0.008323029774751623
-1
0.008372952558380789
-1
0.008192275293077884
-1
0.007978468294797083
-1
0.008148634221763292
-1
0.008247711528170557
-1
0.007953399184421017
-1
0.00766557445710673
-1
0.007504492435432877
