-1
-1
-1
-1
-1
-1
0.07194584129112107
-1
0.07193464509078436
-1
0.07194002962538174
-1
0.07192789082016263
-1
0.07191978948456901
-1
0.0719139083155564
-1
-1
-1
-1
0.07190585966621126
-1
-1
-1
-1
-1
-1
0.07184849828481675
-1
-1
-1
-1
-1
-1
-1
-1
-1
0.07150470635720661
-1
-1
0.07112423383763858
-1
-1
0.07061384948236601
-1
-1
-1
0.06960512154868671
-1
-1
-1
-1
-1
0.06767002429280962
-1
0.06704145797661373
-1
0.06607705791081701
-1
-1
-1
0.06446028112300804
-1
-1
0.06414462849497796
-1
-1
-1
-1
-1
-1
0.06344282776117324
-1
-1
0.06287933481591089
-1
-1
0.06274178767842906
-1
0.06222780863089221
-1
0.062153715001685275
-1
0.061744557321071626
-1
-1
-1
0.06100281897400107
-1
-1
0.05989178514906338
-1
0.05933463584099497
-1
-1
0.05876534384276185
-1
-1
-1
0.057709467677133426
-1
0.05660456227404731
-1
-1
-1
-1
0.055834476011140007
-1
0.05537721860621657
-1
0.055024848771946765
-1
0.05441105360431331
-1
-1
0.05394991673529148
-1
-1
-1
0.053437740302511624
-1
0.053014413214155606
-1
0.05264050870069436
-1
-1
-1
0.05193288842482226
-1
0.05151992291212082
-1
0.051318193493144856
-1
-1
0.050798960189734184
-1
-1
-1
-1
0.050118917812194144
-1
-1
0.04968850405088493
-1
-1
-1
-1
-1
-1
-1
0.04873111109648432
-1
0.04841564249779497
-1
-1
-1
-1
0.04770304033798831
-1
-1
-1
0.047201021228517805
-1
0.04682859858231885
-1
-1
-1
0.046429801625864846
-1
-1
-1
0.045864201496754374
-1
-1
-1
-1
-1
-1
0.04484021951045309
-1
-1
0.044394558721355025
-1
-1
-1
0.04382786149425166
-1
-1
0.04357066074652331
-1
-1
-1
0.043375179703746526
-1
0.04302058496645519
-1
-1
0.04244293160736561
-1
-1
-1
-1
-1
-1
0.041627301036247184
-1
0.041263909158962116
-1
-1
-1
0.041012412229818954
-1
0.0405784226421799
-1
-1
-1
-1
-1
-1
0.040378614541675364
-1
-1
0.03978365502719368
-1
0.03976747098245791
0.039156872779130936
-1
-1
0.03890974047992911
-1
-1
-1
0.0388839738709586
-1
-1
-1
-1
-1
-1
-1
-1
-1
0.038245657405682976
-1
-1
-1
-1
-1
-1
-1
-1
-1
-1
0.0372667067285095
-1
-1
-1
-1
-1
-1
-1
-1
-1
-1
-1
0.03636933333639587
-1
0.03612094377832753
-1
-1
0.0356963787227869
-1
-1
-1
-1
0.03505506291985512
-1
0.034216278472117015
-1
-1
0.033943072679851735
-1
0.033799719092036995
-1
0.03358752969652414
-1
-1
0.03336259131985051
-1
-1
-1
-1
-1
0.03283384921295302
-1
-1
-1
-1
0.031850029129002776
0.03155154511332512
-1
-1
0.03111747426113912
-1
-1
0.03136673231742212
-1
0.0310804315709642
-1
-1
-1
-1
0.02999632486275264
-1
-1
-1
-1
-1
0.030155944930655616
-1
-1
0.029432759926255263
-1
-1
-1
0.02894023795213018
-1
-1
-1
-1
-1
-1
-1
-1
-1
-1
-1
-1
0.02838867213577032
-1
-1
0.027843794945095264
-1
-1
-1
0.027829970179923943
-1
-1
-1
0.027000216554318158
-1
0.026616791476096423
0.02689356818529112
-1
-1
-1
-1
-1
-1
-1
-1
-1
0.026182051681514298
0.026178804585444075
-1
0.025281898358038492
-1
-1
0.02513816538932068
0.024955303887171404
-1
-1
-1
-1
0.024254446277128798
-1
0.02400852230244449
-1
-1
0.023168297577649353
0.022783176241708652
-1
0.02264496201117124
-1
0.022317897408668484
-1
-1
-1
0.022005166552428686
-1
-1
0.02132586764969996
0.020883224305829833
-1
-1
-1
0.021474487933197194
-1
-1
-1
-1
-1
0.020742406150592224
0.02113643574661442
-1
-1
-1
0.019941072871110268
-1
-1
0.02025298908618944
-1
-1
-1
-1
-1
-1
-1
-1
-1
0.019773634975509984
-1
-1
-1
-1
-1
-1
0.019718151413170355
0.018481717385085566
-1
0.019503040412174804
0.019208028160833886
-1
-1
-1
-1
-1
0.018054613331332802
0.017393570759200623
-1
0.017794552698199236
-1
0.016789608136085526
-1
-1
0.0163525115698576
-1
0.017358369400192582
0.016087690235248635
0.015856671878801926
-1
0.015609327943197318
0.015398638555780053
-1
0.014382130063937178
-1
0.014633009180293552
-1
-1
-1
-1
0.014967595247019615
0.014234471906508717
-1
-1
0.014578628885958875
0.014302035520917604
-1
0.013712749976132598
-1
-1
-1
-1
-1
-1
-1
-1
-1
-1
-1
-1
-1
-1
0.014504177475880299
-1
-1
0.014053165077764008
0.013860117836988399
0.013112216396257282
0.012814699858427049
0.012324831619792217
-1
0.011959918122738599
-1
-1
0.012495581659355335
-1
-1
0.011711572842406374
