-1
-1
0.03683703589685184
-1
0.02915850831061294
-1
-1
0.027975970002793775
-1
-1
-1
0.026398287360201177
-1
-1
-1
0.025514044614182305
-1
0.025260873332466044
-1
-1
-1
-1
0.02402165560378242
-1
0.023732187772534555
-1
-1
-1
0.023197471775959447
-1
-1
-1
-1
-1
0.022375065174299415
-1
0.022240875160571227
-1
-1
-1
0.02148720736356126
-1
0.021248930975333934
-1
-1
0.020898536259366066
-1
-1
-1
-1
0.020249893149149784
-1
-1
0.01995081530403845
-1
-1
-1
0.019998560197574577
-1
-1
0.019525052370484342
-1
-1
-1
0.019318347567135526
-1
-1
0.01875589486249943
-1
-1
-1
0.018323050307244373
-1
-1
-1
0.01813432850788549
-1
-1
0.017731553156351304
-1
-1
0.017666309420595463
-1
-1
-1
-1
-1
0.016700830754545547
-1
-1
0.016506580765714353
-1
0.016583679361441703
-1
-1
-1
0.016088161591402035
-1
-1
0.015939111734173964
