-1
0.076121299030367
-1
-1
-1
-1
-1
-1
0.0761024927304796
-1
0.07609758643079395
0.07608919104268728
-1
-1
-1
-1
0.07603809242406168
0.07603316494256011
-1
0.07598540576036311
-1
-1
0.07586070309000567
-1
-1
0.07556731139332795
-1
-1
-1
-1
-1
-1
-1
-1
0.07268204314649598
0.07190172435823551
-1
-1
0.07053333693299411
-1
-1
-1
0.06869789120579554
-1
-1
-1
0.0661600715857892
-1
-1
0.06477085066235755
-1
-1
0.06418242223006634
-1
-1
-1
-1
-1
-1
-1
-1
-1
-1
-1
-1
-1
-1
0.059585937488177594
-1
-1
0.058581332973212254
-1
-1
-1
-1
-1
-1
-1
-1
-1
-1
-1
-1
-1
-1
-1
-1
-1
-1
-1
-1
-1
-1
-1
-1
0.05100118473541638
-1
-1
-1
0.05000025405864085
-1
0.050257331921049385
-1
-1
-1
-1
-1
-1
-1
-1
0.04788101613521576
-1
-1
-1
-1
0.047246104207905856
-1
-1
0.046440638540204894
-1
0.04595209025154429
-1
0.04540289172456284
-1
0.045005190815807374
-1
-1
-1
-1
-1
0.04407744262336699
-1
0.04383180693161389
-1
-1
0.04328145810887833
-1
-1
-1
-1
0.043182982689092965
-1
-1
0.04238178981237175
-1
-1
-1
-1
-1
0.04148895890752146
-1
0.04106925942681053
-1
-1
-1
0.04108165817812455
0.0405416070676047
0.04039728237577706
-1
-1
0.03998070152337886
-1
0.040111886272745687
-1
-1
-1
-1
-1
-1
0.039027785663762374
-1
-1
-1
-1
-1
-1
-1
0.038220673405434474
-1
-1
0.038256183389789804
0.03823763661640735
0.03766469884017282
-1
-1
0.03705775555500314
-1
-1
-1
0.03723553628468316
-1
-1
-1
-1
-1
0.03653188993122952
-1
-1
-1
-1
-1
0.03559252367285658
0.03528294405661339
0.034640827688796456
-1
0.03475104415219678
-1
-1
-1
-1
-1
0.034318999786022285
-1
-1
-1
-1
-1
-1
-1
-1
-1
-1
-1
0.03357772955224534
-1
-1
0.03320028974005013
-1
0.03205420990620763
-1
0.03263946695268647
0.032023876228115776
0.032084742841149164
-1
-1
-1
-1
-1
-1
-1
-1
-1
-1
-1
-1
0.030401618384625302
-1
-1
-1
-1
-1
-1
-1
0.029916735116607886
-1
-1
0.029347147392339942
-1
-1
-1
-1
-1
0.028500509569960194
-1
-1
-1
-1
-1
-1
-1
-1
-1
0.027886488442578593
-1
-1
0.027174199957492925
-1
-1
-1
-1
-1
0.026739731160077183
0.026846936111115226
-1
0.025268013892341252
-1
-1
0.024830603340933146
0.02574189486336117
0.024484835626665227
-1
-1
0.02399446402699494
-1
-1
-1
-1
-1
-1
-1
-1
-1
-1
-1
-1
0.023488435961983422
-1
-1
-1
0.02309767547225164
-1
-1
0.02239393442253436
-1
0.022224856574427
0.021771266145154462
-1
-1
0.02126193665399039
-1
-1
-1
-1
-1
-1
0.021192605391698927
-1
0.02103428276301908
-1
-1
-1
-1
-1
-1
0.0203597356157362
-1
-1
-1
-1
-1
-1
-1
-1
-1
-1
0.01978952495211905
-1
-1
0.01933442490206154
-1
-1
0.018721213268716473
-1
0.018133780307883072
-1
-1
-1
-1
-1
-1
-1
-1
-1
-1
0.017999876299026336
-1
-1
-1
-1
-1
-1
-1
-1
-1
0.01781454637554313
-1
-1
-1
-1
-1
0.01680400489544696
0.016224944650018513
-1
-1
0.01601547829976136
-1
0.015874851337241487
-1
-1
-1
-1
-1
-1
-1
-1
-1
-1
-1
-1
-1
-1
0.015820918080573978
-1
-1
-1
-1
0.015335842760756982
-1
-1
-1
-1
-1
-1
0.015115268788616026
-1
-1
-1
-1
-1
-1
0.014903795635250728
-1
-1
-1
0.014539603586116237
-1
0.013611362475809479
-1
-1
-1
-1
-1
-1
0.013510132478627045
-1
-1
-1
-1
0.013175587446528894
0.013125729448477591
-1
-1
-1
-1
0.012928938638988483
0.011807130190278289
0.011645935956881312
-1
-1
-1
-1
-1
0.01172653773322332
-1
-1
-1
-1
-1
-1
-1
-1
-1
0.0124597990073356
-1
-1
0.011832561915978975
-1
-1
-1
0.011202842992738134
-1
-1
-1
0.010778285041336001
-1
-1
-1
-1
-1
-1
0.012280095805421718
-1
-1
0.011168013066091874
-1
-1
-1
-1
-1
-1
-1
-1
0.010685636904879572
-1
-1
-1
-1
-1
-1
0.010559030191988247
