0.03631383492323215
-1
-1
-1
0.030060627836429193
-1
-1
0.029706792441194882
-1
-1
-1
0.029101507344883596
-1
0.028083664785602137
-1
-1
0.02655599726412349
-1
-1
-1
0.024236775586705006
-1
-1
-1
-1
0.023253172647929237
-1
0.022790789794541164
-1
-1
0.022569185388302375
-1
-1
-1
0.021969263996192798
-1
-1
-1
-1
-1
0.021224001876846282
-1
0.02125654092092
-1
-1
0.02099580997954348
-1
0.02068988862865699
-1
-1
-1
0.020378819625534696
-1
0.02010531463546905
-1
-1
-1
0.019902222932217842
-1
0.019885407712407217
-1
-1
-1
0.01942747238867297
-1
-1
0.019499130591660918
-1
-1
-1
0.019307925410851273
-1
-1
0.01899129011911784
-1
-1
-1
0.01888704897162919
-1
0.0186841782695519
-1
-1
-1
-1
-1
-1
-1
-1
0.018325790245375947
-1
0.018212293079513275
-1
0.017994027247209984
-1
0.017821842277359345
-1
-1
-1
-1
0.01762712541930452
