-1
0.07130041476315672
-1
0.07077529277441637
-1
0.06882455945764698
-1
-1
0.06759624625152012
0.06661573679942005
-1
-1
-1
0.06551052618326632
0.06465349764194128
0.06429077583288997
0.06424549534635725
-1
-1
-1
-1
-1
0.060249032524396784
0.059972695374638785
0.05964190312151639
0.059494186887201275
-1
-1
-1
-1
0.05821841401873895
0.05787011998254548
0.05794437501415516
-1
-1
-1
-1
-1
0.056264906589340115
0.055872932679998044
0.055854367550064184
-1
-1
-1
-1
-1
0.054326873215489416
0.05357348643009018
0.05363059088868915
0.053589140094301234
0.05304149525720369
0.052583285967508955
-1
-1
-1
-1
-1
-1
-1
0.05142802442394712
0.05130304204592915
0.05109981296947167
0.0511633424039157
0.050871612680783065
0.05075567041553041
0.05099333307278231
-1
-1
-1
-1
-1
-1
0.04947891169374095
0.049125672166452465
-1
-1
-1
-1
0.048593830072654866
0.04831884914973997
0.04816269325760175
0.048217149260658884
0.04795972071353744
0.0477920752351389
0.04753268580766593
-1
-1
-1
-1
-1
-1
-1
-1
-1
-1
0.04628274890611757
0.04602787893523211
0.045965767911395186
0.04555261904338621
0.04539871545707655
0.04533155615224778
-1
-1
-1
-1
-1
-1
-1
-1
-1
-1
0.044096113600820865
0.043603315173455004
0.043875423587343226
0.043075142761446396
0.042562362697889225
0.04277347285792513
0.04274371546019548
0.0426011963010584
0.042556803121506795
0.042438222492266
0.04232262299495673
0.0422054042456285
0.04198917702308991
-1
-1
-1
-1
-1
-1
-1
-1
-1
-1
0.0408091649919186
0.0408016455848262
0.04066254762733507
0.04010168454931967
0.03997650094002298
-1
-1
-1
-1
-1
-1
-1
-1
-1
-1
-1
-1
0.03943696353420521
0.03943175528784218
0.03852085119523342
0.03889914775044663
0.03834747103025329
0.03781089889178486
0.03830738787381154
0.03809523793886293
0.03822454606961904
0.037973730519132796
0.037800616288335066
-1
-1
-1
-1
-1
-1
-1
-1
-1
0.03718727653131545
0.03711669656465638
0.0365863173262878
0.03694064915555079
0.036481594829439364
-1
-1
-1
-1
-1
-1
-1
-1
-1
-1
-1
-1
0.03635421148636056
-1
0.03586156114842157
0.03559251438896611
0.03561237501648237
0.03539806691355676
0.03476875798507306
-1
-1
-1
-1
-1
0.035165188507463946
0.03513963469919169
0.03428086814640453
0.03451047928828113
0.03412589762945595
0.033980670515096414
0.0337393686006654
-1
-1
-1
-1
-1
-1
-1
-1
-1
-1
0.03353728195406356
0.03354017022270826
0.0333439502776044
0.03320373647617844
0.03317622750060363
0.03257108320979952
0.03283017118022127
0.032344215396065384
0.0322804117802554
-1
-1
-1
-1
-1
-1
-1
-1
-1
-1
-1
0.03239949428810264
0.032211066971784864
0.03178691640589972
0.03175521411235977
0.031149844508500966
0.03128285309053817
-1
-1
-1
-1
-1
0.03158801033811749
0.03091998394180394
0.031038066396173444
0.030403944531326773
0.029896025777612842
0.029905713174328115
-1
-1
0.030069238914633697
0.030423581495225057
-1
-1
-1
-1
0.029765372756142286
-1
-1
-1
-1
-1
-1
0.029855201349318405
0.030098594194688136
0.029640299914018165
0.029234255469820034
-1
-1
-1
-1
-1
-1
-1
-1
-1
0.02921436425275023
0.02874596037954654
0.028414629660312486
0.028309557482881366
0.02847826563337314
0.028020468402958514
0.02794512753216725
0.027809332436735525
0.027290256638197032
-1
-1
-1
-1
0.02797419254135036
0.02714202216586227
0.026824210814709933
-1
0.026987545115392916
0.026897851483626938
-1
-1
0.026910188872859165
0.026985450203313766
0.02662685175361873
0.026381170232340975
-1
-1
-1
-1
-1
-1
-1
-1
-1
-1
-1
-1
-1
0.026541733231934362
0.026251095870755754
0.02586844248591729
-1
0.025768249199825264
0.025573679313719646
0.025205633325396843
0.02460479827047144
-1
-1
0.02522294243926522
0.02471546017898704
0.024965875831040197
0.024624616492469355
0.024172085741031094
0.02366939418720749
0.02323312980573882
-1
-1
-1
-1
-1
-1
-1
-1
-1
0.024086438394942376
0.0236212853515673
0.02328496458395472
0.02327549808430222
0.023466485911195385
0.022688786518648734
0.022637958781524276
0.02242402734246644
0.022039763852485322
0.022579069437470824
0.02205765571234361
-1
-1
-1
-1
-1
-1
-1
-1
-1
-1
0.02271985241452103
0.022364476019481442
0.022382005003263365
0.022038886427129593
0.02192780372481676
0.021646278706736535
0.02081801252545051
-1
0.02087889402917346
-1
-1
-1
0.02131903648376465
0.021026387709491657
0.02050108551229321
-1
-1
-1
-1
0.02089588630874202
0.020375930580702965
0.01959626275038569
-1
0.020319575731109523
0.01978594109697162
-1
-1
0.019960830189147086
0.01991697726009777
0.019408941838726306
0.019068809950126792
-1
-1
0.019253535503111544
0.019468237004190123
0.018515459111651533
-1
-1
0.01876598331163514
-1
-1
-1
-1
-1
0.018996767502910687
-1
0.01882111704574441
0.018378951268376045
0.018359519854281685
0.018353041710343753
0.018057438528762675
0.017533937988791076
0.017378626731956528
-1
0.018045871029110077
-1
0.017879706418739177
-1
0.017259333017487197
-1
-1
-1
-1
-1
-1
0.017493076249488496
0.016878399916414943
-1
0.017216605521597952
-1
-1
0.017279398336350543
0.01659457936976691
-1
0.016814244183354407
0.016677114153808018
-1
-1
0.01643675404149781
-1
0.016174677158676605
0.01630284842830034
0.015480918811177309
-1
-1
-1
-1
-1
-1
-1
0.016851823333674257
0.015860448903257742
0.015835268939815978
0.015673988281555896
0.016080949733842095
0.014777900580340212
0.014816757969136507
0.01468522994023449
-1
0.014697565683778727
-1
-1
0.014516536998298933
-1
0.014487013606905188
-1
0.014266736241256666
-1
0.014593062460797388
-1
0.014375835004842507
0.014046332753679287
0.013538426921802496
0.01359821211242076
0.013294169741606564
-1
-1
-1
-1
0.013991153037772989
0.013365793726729148
0.013375919318798953
-1
-1
0.013797509970155152
0.012815793329064951
-1
0.01332103392238137
0.012882342960849497
-1
0.0128175466053141
0.012677529191820877
0.011758715907732645
