0.07182841924481326
-1
0.0702729893650656
0.06881529996121684
-1
0.06419399081063552
-1
0.06313512869586516
-1
0.0609542440371498
-1
0.05925513703978969
-1
0.0587451424246049
-1
0.0570585521215539
-1
0.05589299861257866
-1
-1
0.05451670083968969
0.05304420472213565
-1
-1
0.053290599437644116
-1
0.05255579912649729
-1
0.05155147366457302
0.051427616337104624
-1
0.05046832607490074
-1
0.05088521197422269
-1
-1
0.049955576536867524
0.049386816213879685
-1
-1
-1
-1
0.04877531114498519
-1
0.048123228434964395
0.047586384374101315
-1
-1
0.04732673290841449
0.047109089684767486
0.04682470066882151
-1
-1
0.04649438556495331
-1
-1
0.04605372417139215
0.045782805702949514
-1
-1
-1
0.04587920932268918
0.045286208205923266
0.04523308844428354
0.04486438644149551
0.045173492500636354
0.04506691227899615
0.04408020412295833
-1
0.04497952530238406
-1
-1
0.043860772593867225
0.04418229462632796
-1
0.04373105084653325
-1
-1
-1
-1
-1
0.04295971876555317
-1
-1
0.042516952171714105
0.042298682198519365
0.04233987247062266
-1
-1
-1
-1
0.04195700085303663
0.041615542925950155
0.04116255679953392
0.04116459219913135
0.040567908409707414
-1
0.04086359091510343
0.040424354998883964
-1
-1
0.04079005861333457
0.04041873042862004
0.03990551808256045
-1
0.03954598128092889
-1
-1
0.03959124563591273
0.039268191003850546
0.03891660783835163
0.039215120050301505
0.039235159080767044
-1
-1
0.03873378736029867
-1
0.03839966100895136
-1
0.03822395317296379
-1
0.03755502624782591
-1
-1
-1
-1
-1
0.03779303484535422
0.037008409638113526
-1
0.03741410043078604
-1
0.03728711821003103
-1
0.03661315005436332
-1
0.036856607493863616
-1
-1
-1
-1
0.036580182488963796
0.03610839630374315
0.03635677854347842
-1
-1
0.0357077360408738
0.03586725121781246
0.035495765729221376
0.03520180921590341
0.034674795411151836
0.035045391142304434
0.03507242487685601
-1
-1
0.03529089892408855
0.03473496785245652
0.03438225284394472
0.034150448125275
0.034284701729382985
-1
-1
-1
0.03391198557417237
0.03408938622679102
-1
0.033799854019958234
-1
-1
-1
0.03381239041638144
-1
0.03403468020859255
0.03380263539755843
-1
-1
-1
0.03337564949437353
0.03322862490197087
0.033212756158710166
-1
0.03291510506458221
0.03284823281205352
-1
0.0324505944855088
0.03266485346219675
-1
-1
0.032516311404533836
0.03242849917784892
-1
0.03216732799815211
-1
0.032608853968904464
0.03200385762819779
-1
-1
0.03193873851884472
0.03159913786099016
-1
0.031253177119221334
0.031392390906235794
-1
0.031377586578632856
-1
-1
0.0313042488448234
-1
-1
0.031180274377937356
-1
0.031138062687932105
0.031098103651024268
0.03051873982144322
-1
0.03047934213347757
0.03053374786852257
-1
-1
0.029956580569123148
0.030603334010605644
0.029567376050662893
-1
-1
0.030411978147420853
0.030079563085033706
-1
-1
0.029527539765464274
0.029000954705291494
-1
-1
0.029414548166695132
-1
0.028823411729813644
-1
-1
-1
-1
0.02884344597529752
0.02873064138370567
-1
0.028758531399989563
-1
0.028532094916474526
0.028665786700488922
-1
0.028576103034893417
-1
0.028484592569985957
-1
0.028289573221983506
0.028161870145976608
0.027664933787281493
-1
-1
-1
0.027903302539327646
-1
0.027444781474809044
-1
0.027465543543794147
-1
0.027045675518045088
0.027536817394907705
0.0268652019617003
-1
0.02729837943311673
-1
-1
0.02703770860821999
0.026731900132929014
-1
0.02687308278178351
0.02614929215764948
-1
0.02639828843542745
-1
0.02621238705685157
0.025770024875416506
-1
-1
-1
0.025823089261594184
-1
-1
0.026218721297712317
-1
-1
0.02492093157985458
-1
0.02545855151207884
-1
0.025339399824380108
0.0249875385422032
-1
-1
-1
-1
0.02536754600807529
0.02518380850329915
-1
0.02480159609040519
-1
0.024536930998070576
0.02468936862414034
0.023799551895640928
-1
-1
0.024033450189127416
-1
0.024031510186109127
0.023962626987139895
0.023477459030519343
0.023292079920873506
-1
-1
0.023732393279687642
0.023452026908867867
0.02293345124200226
0.023205691108046878
0.02305825878122356
-1
-1
0.023315805361265797
-1
-1
0.022939805327121088
-1
0.02314451559579513
-1
-1
0.022444012568662658
-1
0.02218240655535415
0.0219645599005115
0.02216885408420527
0.02134730597081547
0.021384725130351792
-1
0.021809562851873496
0.021167727025567143
0.021305495919010903
0.02021706143727512
-1
0.021218615462893713
-1
-1
-1
0.020804156142607378
0.02046137315092363
-1
0.020551450713862048
0.02077808096078559
0.02031260493659641
-1
0.020698837083859205
-1
-1
0.020522836685212605
0.019889575992845646
-1
0.01971490900376602
-1
-1
-1
0.01960760911313731
0.019362566451215667
-1
0.019769289610470222
0.019163613854273592
-1
0.019163543837981467
-1
-1
0.018981084447964976
-1
0.01890519238341628
0.018491274786819598
-1
-1
0.018620417003558765
-1
0.01786040830658499
-1
-1
-1
0.018428335889039957
0.018263698635984208
-1
0.017962361141512246
-1
0.01765046859956631
0.017683649518490156
-1
-1
-1
0.017462941003805636
-1
0.01765968689409515
0.017101212392989364
0.017209381544273768
0.016833713487796845
0.016081266876585613
-1
0.01650207726123153
-1
0.016909337511719358
0.016006802962763515
0.016153350718007976
-1
-1
0.015873921180637064
-1
0.01614100281568394
-1
0.01581774916128522
-1
-1
0.015690842511817127
-1
-1
-1
0.015253982051112964
-1
0.01587224655119864
0.015036888466399294
-1
-1
0.015155995574890608
0.014971257372892042
0.014448221213117418
-1
0.014799496333717717
-1
0.014218563190985786
-1
0.01408666010870172
-1
0.014313655857312205
-1
0.014329466093950461
-1
0.014239872282017561
0.013621502687669452
-1
0.013256343646975192
-1
0.014064949761880491
0.01357199172394516
-1
0.013620064012299014
-1
0.012987941585576994
-1
0.013227107372665968
-1
0.013291695097656991
-1
-1
0.013071784005766895
-1
-1
0.012724664243934366
-1
0.013109114294769872
-1
-1
0.012663346712276867
-1
0.012107695952568918
-1
0.012894752268287147
0.012625098437078833
-1
-1
0.012005598267833806
-1
0.012067260104456133
-1
0.012116682375327056
0.01192425195994165
-1
0.012226468520708151
0.011308132857683196
-1
-1
-1
0.012307159017695619
-1
-1
-1
0.012275104776038792
0.012090783029004116
-1
0.011397488996693975
-1
0.01131611327383176
0.010893933376045809
0.01086116345526425
