-1
-1
-1
-1
-1
-1
0.07667343873244066
-1
-1
-1
-1
-1
-1
0.07664659989185822
-1
-1
-1
-1
-1
-1
-1
-1
-1
-1
-1
-1
0.07611098692967341
-1
-1
0.07551307776035407
-1
-1
-1
-1
-1
-1
-1
-1
-1
-1
-1
0.07069512544534146
0.07005442711023184
-1
-1
-1
-1
0.06634657963728294
0.06568827622976059
0.06545225302378337
0.06493354082107544
-1
-1
-1
-1
-1
-1
-1
-1
-1
0.0628130377867283
-1
0.06207465758690467
-1
0.06180750639010698
-1
-1
-1
0.06056823027439606
-1
-1
-1
-1
0.058275060959351366
-1
-1
-1
0.05722573017462706
-1
-1
0.05583952598082714
-1
-1
-1
0.054594767338190325
-1
0.054067430251683944
-1
-1
-1
-1
-1
0.052750271222530266
-1
-1
-1
-1
-1
-1
0.051269752062284034
-1
-1
-1
-1
-1
0.0500857830964602
-1
-1
-1
0.049380141863456135
-1
0.048834092158537644
-1
-1
0.04845988371433356
0.04821768072935251
-1
-1
-1
-1
0.047086316499954615
0.04702239299431825
-1
-1
0.04631176126308931
-1
0.045715487859187984
-1
-1
-1
-1
-1
-1
-1
-1
-1
-1
-1
-1
-1
-1
-1
-1
-1
-1
-1
-1
-1
-1
0.043534838908757915
-1
-1
-1
-1
0.04302119883207174
-1
-1
0.04269566508439871
0.042587257226308184
-1
-1
-1
-1
0.04195930697979071
-1
-1
0.041779733254359325
-1
-1
0.04115689257780711
-1
-1
-1
-1
0.04038107774196527
0.04077971767156552
0.04009364518599633
-1
0.04009051864727949
-1
-1
0.03927520583073298
-1
0.039289544339363394
-1
-1
-1
-1
-1
-1
0.03881257488177373
-1
-1
-1
-1
0.03837484631782923
-1
-1
-1
-1
0.03774245602198136
0.03762101083229749
-1
-1
-1
0.03701244099782063
-1
-1
-1
-1
-1
-1
0.0362744933901689
-1
-1
-1
-1
-1
-1
-1
-1
-1
-1
-1
-1
-1
-1
-1
-1
-1
-1
-1
-1
-1
-1
-1
0.03389926723944835
0.03405856617750266
-1
-1
-1
-1
-1
-1
-1
-1
0.03284022598312451
-1
-1
-1
0.03198667628260759
-1
-1
-1
-1
-1
-1
0.03070109649728506
-1
-1
-1
0.03069074992950146
-1
-1
0.030237463598067945
0.03007401571250879
-1
0.029511638478590892
-1
-1
-1
-1
0.028568119108676907
-1
-1
0.028771668502535572
-1
-1
-1
-1
-1
-1
-1
-1
-1
-1
-1
-1
-1
-1
0.028967583760237083
-1
0.0269691050472932
-1
-1
-1
-1
-1
-1
-1
-1
-1
-1
-1
-1
-1
-1
0.02602619503935178
0.02588627704252035
-1
-1
-1
-1
-1
-1
-1
-1
-1
-1
-1
0.025395005599428443
-1
-1
0.024224769639281125
-1
-1
-1
-1
-1
-1
0.02439303548099139
-1
-1
-1
-1
-1
-1
-1
-1
-1
-1
-1
-1
-1
-1
-1
-1
0.02294368397540007
-1
-1
0.022565386400390894
-1
-1
0.02245835727988145
0.021875490055252345
-1
-1
-1
0.021635342611907388
0.021106569994336518
-1
-1
0.021357053744678313
-1
-1
0.020076250029871096
-1
-1
0.02049080822330255
-1
-1
-1
-1
0.020580404691207102
-1
0.019630015896489987
-1
0.019073825142322445
-1
-1
-1
-1
-1
-1
-1
-1
-1
-1
-1
-1
-1
-1
-1
-1
-1
-1
0.01902435646320765
-1
-1
-1
-1
-1
0.01780701975696362
-1
-1
-1
-1
-1
-1
-1
-1
-1
-1
0.01777975265796368
-1
0.017407524931029632
-1
-1
0.016916567751039297
-1
0.0167833422181698
0.016510244006625353
-1
-1
0.015761787158747514
-1
-1
-1
-1
-1
-1
0.016070568981843118
-1
-1
0.014909082805403533
-1
0.014456493162478391
-1
-1
-1
-1
-1
-1
-1
-1
-1
-1
-1
-1
-1
-1
-1
-1
-1
0.014833643216735276
-1
0.015073766776671013
0.014119084099164375
-1
-1
0.014143886500730729
-1
0.012815717863730895
-1
-1
-1
-1
-1
-1
-1
0.013262763541096295
-1
-1
-1
-1
-1
-1
-1
0.013349515942331308
0.01250369820313958
-1
-1
0.01237312373967889
-1
-1
-1
-1
-1
-1
-1
-1
-1
-1
-1
-1
-1
-1
-1
-1
-1
