0.07380578079794207
-1
0.07380074945270507
-1
0.07379472459483351
-1
0.07378860406386548
-1
0.07378657903426733
-1
0.07377403210370968
-1
0.07377113297454312
-1
0.07376524108087915
0.07376549610724817
-1
0.0737583626029838
0.07374755082986294
-1
0.07373437494294256
-1
0.0737315308334481
-1
-1
0.07371590117104034
-1
0.07369625120081452
-1
0.07369154793584448
-1
0.0736631799966861
0.0736303387544094
0.07360877501658904
-1
0.0735710471104353
0.07352461509215527
0.07348520715012509
-1
0.07333924668466943
-1
0.07318891286849975
0.07310147957924085
0.07299223975238638
0.07290114704360309
-1
0.07266580172074147
-1
-1
0.07192896207173666
-1
0.07141963039707933
0.0712549991077847
-1
0.0708121979338491
0.07058266421668549
-1
0.06999536192315257
0.06968450444376367
-1
0.06875675132131984
0.0682866610522963
0.06788430514498653
0.06765921767960247
0.0671707484457228
0.06702912658707708
-1
0.06654634083438123
-1
0.0663055608415196
0.06587057837054261
0.06572980223557888
0.06546500218220247
-1
0.0652736813084692
-1
0.0647779124414819
0.06460305941410555
0.06439312925705543
0.06432698185627277
-1
0.06385684028649942
0.06374522228526254
0.0633934950726664
0.06310415644930978
-1
0.06268638657708453
0.06232226348330832
-1
0.06158938519975059
0.06111690065799616
0.06080013584886861
0.06048706321634798
-1
0.0599868879868434
-1
0.05960762862466339
0.05911792822373219
0.0587041720875308
0.05872994870202154
0.058330323349716315
0.05826199477554386
0.0580609804035252
-1
0.05721935482106657
0.05743788934161521
0.057228026430831
0.05694748209072993
0.05691699105450231
0.05660755343926259
0.0564098804934412
-1
0.05611488600062509
0.05580864854348012
0.05585420814334837
0.055549213519463174
0.0553930543936216
0.05542816718419393
0.05494988035951925
0.055028767310656035
-1
0.054931071782723453
0.054528725962353565
0.05438280523332775
-1
0.054327170054117836
0.05397188826503917
0.05369732761994386
0.053744076918333
0.053774335292669444
0.0535952358164339
0.05311781641764518
0.053012863591186
0.052834865731051846
0.05287264947198395
0.05272683108973707
-1
0.052601618899239436
0.052307714967646156
0.05156920689802903
0.05167547861735026
-1
0.051833269993464146
0.051576057967976624
0.0514482530263754
0.05148761970365149
-1
0.051032428456167886
0.05064582406965076
0.05036447399701827
0.05059989487004076
0.05014903234620379
0.04988206492529975
0.049913998699595785
-1
0.04977638155986101
0.04977944900846889
0.049558823179994896
-1
0.049466614590750795
-1
0.04894081644522839
0.04888388743767372
0.048799113483510466
0.04828816479087895
0.048400361823220536
0.048081017202801175
0.048164849250744546
0.04815020092532166
0.04757601914242802
0.0472802785726694
0.047055037306924154
0.04665299501174535
0.04707896852085733
0.04676459273721418
0.047031724452972413
-1
0.04668870838279398
-1
0.04643928785609384
0.046207617949216795
-1
0.045759647626143235
0.045705151914531346
-1
0.045678491622973716
0.045516568880814776
0.04489610409125304
-1
0.04485894059523558
0.044833945361976955
-1
0.04466275511643825
0.044468171779926007
-1
0.04407048154081034
0.043614876728791455
0.04356296006430927
-1
0.04367607314871926
0.043451213734781634
0.04305167027518281
0.04294910507324414
0.04293205203154148
-1
0.042674544453620906
0.04195633489861448
0.04169071520495619
0.04201608626251547
0.041497000899070345
0.04140806345858126
-1
0.04156720141569773
-1
0.041755814098904276
0.041174478714282696
0.040404105186462404
0.040683983508338274
0.04035386478799021
0.039952876323308704
-1
0.04001424923921243
0.039592477016978794
0.03956779249203511
0.03940329253673553
-1
0.0393301846125187
0.038618102465939316
0.038588643226868065
0.038366721303035055
0.03864005190184993
0.03792472965696938
0.03720164377974649
0.03806648050617968
0.0378354474520072
0.03762164948842465
0.03702580330208836
-1
0.0370398783021503
0.03671289860692799
0.036071616181960475
-1
0.036794209505757715
0.03616975003328079
0.035901780311877914
0.035465361547266316
0.03508528175517025
0.03527148220783625
-1
0.03481901843323666
0.03494073888684949
0.03506102488081679
-1
0.03438348596931523
0.03380884576557029
-1
0.03389833699434232
-1
0.03381510815049848
-1
0.033703465135688455
-1
0.03353659273722233
-1
-1
0.033294149876659754
-1
0.03306570700091174
0.032771909033131395
0.03189892289984939
-1
0.032103449055272286
0.031795047669329196
0.03176038935143723
-1
0.031674603875885665
0.03046349045048412
-1
0.030871184463174935
-1
0.030751324769778127
0.030475996931393943
-1
0.029974257411100925
-1
0.029577200305767548
-1
0.02986922266646328
-1
0.029053272548903768
-1
0.028757264929958896
-1
0.029085072085388703
-1
0.029384518230063283
0.02882535834597726
0.027988371609622597
-1
0.028306378691624372
-1
0.027473882808644545
-1
0.027059218300203993
-1
0.027205203307999505
0.026686064020181314
0.026786395703625475
-1
0.026088028509392697
-1
0.025923012324378023
-1
0.026283070215812096
0.025528515327689995
-1
0.025592071811358134
-1
0.02483529787287753
-1
0.025217987456892292
0.024900160322331975
0.02416216644466433
-1
0.023762790069111393
-1
0.02392368591748751
-1
0.024267943432697885
0.023412698940334157
-1
0.02347235242780457
0.023195225356990454
-1
0.022789932265240922
-1
0.022457154642822396
-1
0.02204873588604805
-1
0.022628456061212426
0.02148401422633065
-1
0.021179129208764462
-1
0.02160452995290104
-1
0.02112504256586743
-1
0.020325256030783695
-1
0.02078827976161598
-1
0.020327795354219583
-1
0.020178345520781658
-1
0.020221867393224666
-1
0.01938386363351447
-1
0.019118640489048426
-1
-1
0.01888094899746088
-1
0.01876533425007111
-1
0.018525913969064372
-1
0.01913353127037358
0.017883912149148112
-1
0.017870838736367023
-1
-1
0.01810031880935033
-1
0.01757704071764253
-1
0.01796835147672229
-1
0.017082186463551644
-1
0.017123353825165676
-1
0.016856183557428864
-1
0.016687674209093437
-1
0.01650117884716417
0.015934719215346196
-1
0.01647200842316334
0.014968932560111723
-1
0.01571031016034958
-1
0.016034155593723315
0.014808454058873348
-1
0.014668139630657995
-1
0.014711122361258563
-1
0.01436318383894415
-1
0.014146928960441525
-1
0.01437787184985275
-1
0.014120899567491987
-1
0.013822883469426733
-1
0.014471353246615483
0.013470450228350795
-1
0.013432384011709791
-1
0.013927433544244522
0.01402997805012597
0.012316477362416747
-1
0.01259723801770781
-1
-1
0.012482985682212391
-1
0.01267141334266744
-1
0.012174499700339432
-1
0.012228764784641756
-1
0.012800333846328605
-1
0.011997693662460033
-1
0.011917524148001629
-1
0.01130386443856435
-1
0.01187393300107911
-1
0.011716092954206671
-1
0.01162956214358664
-1
-1
0.011502074666767038
-1
0.011032015161636547
-1
0.010836782701249817
-1
0.011172537734875313
0.011224981053517415
0.01014239564538002
-1
0.009797914007790069
-1
0.010291549970961024
-1
0.01071997019342887
-1
0.010172577237344195
-1
0.009821499705824077
-1
-1
0.010138644859131076
-1
0.010171203509482564
-1
0.009215328851953532
-1
0.00995807993806835
0.00897104932138553
-1
0.008757623625744101
-1
0.008588333759042952
-1
0.008675896322243234
-1
-1
-1
0.00923370839152326
0.008894041683684049
-1
0.008882278114811987
0.00889801360412031
0.00799754437409405
-1
0.008187368664986048
-1
0.00839320239252769
-1
0.008180097172148208
