-1
-1
-1
-1
-1
-1
-1
-1
-1
0.07600013534977752
-1
-1
-1
-1
0.07598673701286317
-1
0.07597559375583002
-1
-1
-1
-1
-1
-1
-1
-1
-1
0.0759132447107783
-1
-1
-1
0.07586014383244065
-1
-1
-1
-1
0.07570783585872291
-1
-1
-1
-1
-1
-1
-1
-1
-1
-1
-1
-1
-1
-1
-1
-1
-1
-1
0.0711802085615554
-1
-1
-1
0.06945237894103212
-1
-1
-1
-1
-1
-1
-1
-1
-1
-1
-1
-1
-1
-1
-1
-1
-1
-1
-1
-1
-1
-1
0.0634678177676111
-1
-1
0.06258160702462466
-1
-1
-1
-1
0.06154753627642146
-1
-1
-1
-1
-1
-1
-1
-1
-1
-1
-1
-1
-1
-1
-1
-1
-1
0.055513864024630134
-1
-1
-1
-1
-1
-1
0.053939328441080056
-1
-1
-1
-1
-1
0.05313490550473052
-1
-1
-1
0.05237913744629554
-1
-1
-1
0.05188323264976717
-1
-1
-1
-1
-1
-1
-1
0.050514117501816655
-1
-1
-1
-1
-1
-1
0.049531019746132623
-1
-1
-1
0.049092675548679424
-1
-1
0.04909773052863355
-1
-1
-1
-1
-1
-1
-1
-1
-1
-1
0.04748943459312871
-1
-1
-1
-1
-1
0.046812074364356276
-1
0.04638255356617694
-1
-1
-1
-1
-1
-1
-1
0.045576804595173534
-1
-1
-1
-1
0.044957660447876406
-1
0.044687968436277134
-1
-1
-1
-1
-1
-1
-1
-1
-1
-1
-1
-1
-1
-1
-1
0.04322690631983415
-1
-1
-1
0.04248866368577166
-1
-1
-1
-1
-1
-1
-1
-1
-1
-1
-1
0.04171233390862087
-1
-1
-1
0.04091114309036507
-1
-1
-1
-1
-1
-1
-1
0.03994735316285547
-1
0.04010829253579086
-1
-1
0.03944117171022127
-1
-1
-1
-1
-1
-1
-1
-1
-1
-1
-1
-1
-1
-1
-1
0.038365851258331876
-1
-1
-1
-1
-1
0.03792402747104753
-1
-1
0.03734942587479106
-1
-1
-1
-1
-1
0.036906107304231175
-1
-1
-1
-1
0.03614629633584113
-1
-1
0.035707036251167085
-1
-1
-1
-1
-1
-1
-1
-1
0.035205576217399455
-1
-1
-1
-1
-1
-1
-1
-1
-1
-1
0.034530389983699006
-1
-1
-1
-1
-1
-1
-1
-1
-1
-1
0.03350308034217583
-1
0.032872797323847715
-1
-1
-1
-1
-1
-1
0.032746460302820746
-1
-1
-1
0.03238461234097211
-1
0.031384784292499975
-1
0.0310283196984597
-1
-1
-1
-1
-1
-1
-1
-1
-1
-1
-1
-1
-1
0.0306872880683755
-1
-1
-1
-1
0.030070109581047635
0.029710101589279354
-1
-1
-1
0.029842212978961336
-1
-1
-1
-1
-1
-1
-1
-1
-1
-1
-1
0.02884987804968402
-1
-1
-1
-1
-1
-1
-1
-1
-1
-1
-1
-1
-1
-1
-1
-1
-1
-1
-1
-1
-1
-1
0.02763610573590926
-1
-1
-1
-1
-1
-1
0.027496418469357038
-1
-1
-1
-1
-1
-1
-1
-1
-1
-1
-1
-1
-1
0.027385063103909764
-1
-1
-1
-1
-1
0.026408150553141004
0.02593428463727798
0.025245777854941927
0.02515203039741741
-1
-1
-1
0.024312066750706365
-1
-1
-1
0.02482303723974048
0.023003654786438312
-1
-1
-1
-1
0.023559007617943693
-1
-1
-1
-1
-1
-1
-1
-1
0.022541698286274697
-1
-1
-1
0.022287582802884984
0.021843463590122618
0.021593478002216455
-1
-1
-1
-1
-1
-1
0.02242537723537886
-1
-1
-1
-1
-1
-1
-1
-1
0.021963983461401375
0.020433322213730724
0.020221602284121065
-1
-1
-1
-1
-1
-1
-1
-1
-1
-1
-1
0.020524864524321736
0.01971646433450141
0.01883433907521221
-1
-1
-1
-1
-1
-1
-1
-1
-1
-1
-1
-1
-1
-1
0.020206188152210328
0.018727073853589453
0.018027873516504495
-1
-1
-1
-1
-1
0.017596100952546552
0.017539336251200372
0.016363142313049087
-1
-1
-1
-1
