-1
-1
-1
0.07234341241053374
-1
0.07233183229367719
-1
-1
0.0723335362604887
0.07232713605659649
-1
-1
-1
-1
-1
-1
-1
-1
-1
-1
-1
0.07215433064518836
-1
-1
-1
-1
-1
-1
0.07113748898908993
-1
-1
-1
0.06983006482976828
-1
-1
-1
-1
-1
0.0663241195772392
0.06572250013032925
-1
-1
-1
-1
-1
0.06269488283131118
0.061909224523308236
-1
0.06109938448210831
-1
-1
-1
-1
0.05978524394494377
-1
0.05912089315050945
-1
-1
-1
-1
-1
0.057954816780764834
0.05782996441854241
-1
-1
-1
-1
-1
-1
-1
-1
-1
-1
0.054911289749070565
-1
0.054361643444578396
-1
-1
0.053261408871423985
-1
-1
-1
-1
-1
-1
0.05122621387301822
-1
-1
-1
0.05045566971035041
-1
0.04965338491503522
0.049398906151297516
0.04934205929282138
0.049101261399349665
-1
-1
-1
-1
-1
-1
-1
-1
-1
-1
-1
-1
0.04693579566033744
-1
-1
-1
0.045580374421679906
-1
-1
-1
-1
-1
-1
-1
-1
-1
-1
-1
-1
-1
-1
-1
-1
0.04321517368196738
-1
0.043205697222636584
-1
-1
-1
0.04218336039301455
0.04185418084937135
-1
-1
-1
-1
-1
-1
-1
0.040914593019279376
-1
0.04031058247759207
-1
-1
-1
-1
0.0400814315424921
-1
-1
-1
0.03907366211147346
0.03906610752135691
-1
-1
-1
-1
-1
0.038328721551389264
-1
-1
-1
0.037564106868151835
-1
-1
-1
-1
-1
0.036578337897954616
-1
-1
-1
-1
-1
0.03612022880018343
0.03590154221577822
-1
0.035339758040160235
-1
0.035488007087370266
0.03494130822670718
-1
-1
-1
-1
0.03439078024187819
-1
-1
-1
-1
-1
-1
-1
-1
-1
-1
-1
-1
-1
0.03314904644353451
-1
-1
-1
-1
-1
0.032248097529345744
-1
-1
0.03141839314537573
-1
0.03181833921106485
0.0313123030137922
0.031133284081644536
-1
-1
-1
-1
-1
-1
-1
-1
-1
-1
-1
-1
-1
-1
-1
0.030102759798758157
-1
-1
-1
-1
-1
-1
-1
-1
-1
-1
-1
-1
-1
-1
-1
-1
-1
-1
0.02793042280350781
-1
0.027987143543708067
-1
-1
-1
-1
-1
-1
0.026547539597175915
-1
-1
0.026375126745002912
0.02556500775640746
-1
-1
0.025089513904219294
-1
-1
-1
-1
-1
0.025124757193863274
0.024348615967688718
0.02414389653149663
-1
-1
-1
0.02387899927399716
-1
0.0230442800315752
0.02289838895113857
-1
-1
-1
-1
-1
0.02287123935161733
-1
-1
0.022443834468283214
0.02196296723980332
-1
-1
-1
0.02174817656252848
-1
-1
0.021314937696007237
0.020919061913237356
-1
-1
0.0207406514051621
-1
0.020640788342957413
-1
-1
-1
-1
-1
0.01986106307426932
-1
0.019970992547121404
0.019790390596408507
-1
-1
-1
-1
-1
-1
-1
0.019309624918317517
-1
0.018995903447006916
-1
-1
-1
-1
-1
-1
-1
-1
0.01824741251107986
-1
-1
-1
-1
-1
-1
0.017980059231896765
-1
0.01703918008298443
-1
-1
-1
-1
-1
-1
-1
-1
-1
-1
-1
-1
-1
-1
-1
0.016879012314181898
-1
0.01723369412665751
-1
-1
-1
-1
-1
-1
-1
0.016236419123844454
-1
-1
-1
-1
-1
-1
-1
-1
-1
0.015626992059831302
-1
-1
-1
-1
-1
-1
-1
-1
0.01502533903993183
-1
-1
-1
0.014791418603220715
-1
-1
-1
0.01416786145016346
-1
0.013939415383901015
-1
0.013588008987177566
-1
-1
-1
0.013689856541531494
-1
-1
-1
-1
-1
-1
-1
-1
-1
-1
-1
-1
-1
-1
-1
-1
0.013468366925749188
0.012820521093656131
-1
-1
0.012473047529081934
-1
0.012462676584369307
-1
-1
-1
-1
0.012320554209598624
-1
-1
-1
-1
-1
-1
0.012535859050123067
0.011133898352593008
-1
-1
-1
-1
-1
-1
0.011192044214673033
-1
-1
-1
-1
-1
-1
-1
-1
0.011233394964797559
-1
-1
0.010978504608445646
-1
-1
-1
-1
-1
-1
0.011104788594606584
-1
0.00993176062091863
-1
-1
-1
-1
-1
-1
0.010308454696579391
-1
-1
-1
-1
0.010096273563933982
-1
-1
-1
-1
-1
-1
-1
-1
-1
-1
0.010162025861339626
-1
-1
-1
-1
0.009952042162535467
-1
-1
-1
-1
-1
