0.07034676701577955
-1
0.06831521194919765
-1
0.06435206048231218
-1
-1
0.059436534301275254
-1
0.0577666942009879
-1
0.056176318337119134
-1
0.05549564582570948
-1
0.054152668731423215
-1
0.05243746638948031
-1
0.05158784719693882
-1
-1
0.05008510638479318
-1
0.04938158518355441
-1
-1
0.049054321493941275
0.04834372869884695
-1
0.04800214363158464
-1
0.047701029299129706
-1
0.04667436661871075
-1
0.04664836211968924
-1
-1
0.045435776796309744
-1
0.0453777704010093
-1
-1
0.04451097005586197
-1
0.04354431829379715
-1
0.04413224937091607
-1
-1
0.04294532638859723
-1
0.0429323822097404
-1
0.04306523317599115
-1
-1
0.041838649757035815
-1
0.04151815606307568
-1
0.04105246072247088
-1
0.04122430013336298
-1
0.04095973956805929
-1
-1
0.04082995417853868
-1
-1
-1
-1
-1
-1
0.03894163013934569
0.039215303442340387
-1
0.03869692750169511
-1
0.03833678576002464
-1
0.038531327403618705
-1
0.037739210859379826
-1
-1
-1
0.03710591682560961
0.0366896178496183
-1
0.036753631197119226
-1
0.03653956639987692
-1
-1
0.03635554040661295
-1
0.035557073426220644
-1
-1
0.03478234011838324
-1
0.0350533381153219
0.034294120566015544
-1
-1
0.03408024131666743
-1
-1
0.03361752308832
-1
0.03334692512499727
-1
-1
0.03322744990903133
-1
-1
0.032572870335116126
-1
0.03235965513481048
-1
0.032691837579109415
-1
0.03218231658769148
-1
0.03166637688452701
-1
-1
-1
0.03142679082138328
-1
0.03122509226544213
-1
0.031355272657608645
-1
0.030726785852188895
-1
0.03060970242696864
-1
-1
0.030405748150470865
-1
-1
0.02994728283377744
-1
0.029906093333253687
-1
0.02940745306899009
-1
-1
-1
-1
0.029505927547113717
-1
0.029029234337052706
-1
0.02918327738700542
-1
0.028808059544183695
-1
0.028748684647039082
-1
0.028428098809628086
0.028201526656925616
-1
0.02838856624022955
-1
0.028244590447279203
-1
-1
-1
0.027598698390089178
-1
0.027410598949101656
-1
0.027354968770639716
-1
0.02763857670542718
-1
0.027723198823606434
-1
0.026906272291227152
-1
0.027081254459389425
-1
0.027256116911265168
-1
-1
0.026671296657106738
0.026992148407932976
-1
0.027022234557629154
-1
0.0258951141504061
-1
-1
-1
0.026126284817702898
-1
0.026178439239379233
-1
0.026056091372033373
-1
0.025885002576667843
-1
0.02599456572220656
-1
0.025737295604454133
-1
0.02555471663256638
-1
0.02499825898537589
-1
0.025397881407254134
-1
-1
0.025271263942853707
-1
0.025011556970124155
-1
0.025003536732922202
-1
0.024801465748700607
-1
0.02436358422983434
-1
0.024526187507770834
-1
0.024273682947117212
-1
0.024520989482249404
-1
0.024279911242498564
-1
0.02401674547138235
-1
-1
0.02397955359003406
-1
0.023637485673149383
-1
-1
-1
0.02352840830221561
-1
0.023599887329723478
-1
-1
0.023090048964696987
-1
0.02329155089680995
-1
0.022647644200787808
-1
0.023284971317522135
-1
0.022335660886608526
-1
0.02239175389481215
-1
0.02278027677484011
-1
-1
-1
0.02212512905231089
-1
-1
0.022248055188710453
-1
0.02213127155470354
-1
0.022127697531503576
-1
0.021991050028878963
-1
-1
-1
0.02157147656090257
-1
0.021674869403714315
-1
0.02163459901721293
-1
0.021569782800996837
-1
0.02166711434543198
-1
0.02090906361717174
-1
-1
-1
-1
0.02102483077423653
-1
-1
0.021001101157657454
-1
0.020709026860826797
-1
0.020393520723642415
-1
0.020335461113159113
-1
-1
0.020824541689395386
-1
0.02037213038787197
-1
-1
0.020401103081203992
-1
-1
0.02014239943274495
-1
0.019665121541418452
-1
0.01965442323892691
-1
-1
0.020319087626239858
0.01925323447588356
-1
-1
0.019689186299250195
-1
0.018973165945502378
-1
-1
0.018667799416389172
-1
0.018916036849973505
-1
0.018444017547557503
-1
0.018541825399404004
-1
0.018324633597547643
-1
0.01830809500511236
-1
0.017886068965252508
-1
0.01806443181201702
-1
0.017477609771288597
-1
0.01780801897415548
-1
-1
0.01796945869727639
-1
0.018007228343931383
-1
0.01755561564064858
-1
-1
0.017667032867637558
-1
0.017335155512020396
-1
-1
0.016988740414543527
-1
-1
0.017126733825146956
-1
-1
-1
-1
0.016651972608321887
-1
0.016828158299561545
-1
0.016370802438506124
-1
0.016178682064607073
-1
0.016450180888435962
-1
-1
0.016147178362734056
-1
-1
-1
-1
0.016100438811786823
-1
0.016010553829347553
-1
-1
0.016351089453489207
0.015271120064261175
-1
0.01531029469379292
0.015088718603065517
-1
0.014694029495786295
-1
-1
0.015220610766530427
-1
0.01471413452921673
0.014654321820681333
-1
0.014432141810428095
-1
0.015169566562612547
-1
-1
-1
-1
0.014343873561728612
-1
0.014262337849405365
0.014213590055801615
0.013748052284007764
-1
0.0138155464387642
-1
0.013981535172774463
-1
-1
0.013169036431881958
-1
0.01353050249515989
-1
0.013876464587586526
-1
0.013152497719197393
-1
0.013130250542283449
-1
0.013048102960981746
-1
0.012816385045696372
-1
0.012741446860678973
-1
0.012774755244296665
-1
0.01255524384838934
-1
0.012324742634852814
-1
-1
-1
0.012620705561133481
-1
-1
0.012593659922691833
0.011749658534545024
-1
0.012134032328425212
0.011921472819836864
-1
0.011670300733367125
-1
-1
0.011877765144945622
-1
-1
0.012189540385614955
-1
0.011826867451779584
-1
0.011876212118951159
0.011191112440051013
-1
0.011194685349320117
-1
0.010983626731349441
-1
-1
0.011009022664997804
-1
0.011172951952906705
0.01089997155715751
0.010032989471468306
-1
-1
0.010480584604757042
-1
0.010527665053485133
-1
0.010455952635118199
-1
-1
-1
0.010518657740290838
0.009474207281318849
-1
0.010265411385776824
-1
-1
-1
0.010006904675987839
0.009232715067972665
-1
