0.07728598123989057
-1
-1
-1
0.07728170153398538
-1
0.07726951963833752
-1
0.07725443704491745
-1
-1
-1
-1
0.07724432686502619
-1
-1
0.07721866550987697
-1
-1
-1
-1
-1
-1
-1
-1
-1
-1
-1
-1
-1
-1
-1
-1
-1
0.07370386647315605
-1
-1
-1
-1
-1
-1
-1
-1
-1
-1
-1
-1
0.06999590064204016
-1
-1
-1
0.06907625808272251
-1
-1
0.06866869365830139
0.06834886480671491
-1
-1
-1
-1
-1
-1
-1
0.06611202397703816
-1
-1
-1
0.06440284892878174
-1
-1
-1
0.062143583753620314
-1
-1
0.06098386120118528
-1
-1
-1
-1
0.05874589949615242
-1
0.057708006866218506
-1
-1
-1
-1
0.056453985453268046
0.05539188483580755
-1
-1
0.05501827235677754
-1
-1
-1
-1
-1
0.05418083593826885
-1
-1
0.05311180719725537
-1
-1
-1
-1
-1
-1
-1
-1
-1
0.05205196120634252
0.05156230057856834
-1
-1
-1
-1
0.05110369544928696
0.05043278981856906
-1
0.050528075436289
-1
0.05039312164912852
-1
0.049480148372108006
-1
-1
-1
-1
0.049268552684044654
0.048372106034626335
-1
0.04812710633265572
-1
-1
-1
-1
-1
-1
-1
-1
0.047379550022056245
-1
0.046947488057828994
-1
-1
0.04571687959577378
0.04584845433863558
-1
-1
-1
-1
0.045100119933293464
-1
-1
-1
-1
0.045020600930048824
-1
-1
-1
-1
-1
-1
-1
-1
-1
-1
-1
-1
-1
-1
-1
0.04323381980260214
-1
-1
0.04278218767747706
-1
0.04207357091189047
-1
-1
-1
-1
-1
-1
-1
-1
0.04097037749697072
-1
-1
-1
-1
0.040541473870437585
-1
-1
0.03987779917643052
-1
-1
-1
-1
-1
0.03910750244631016
-1
-1
-1
-1
0.03853435427027463
-1
-1
-1
-1
-1
-1
0.03749511041690521
-1
-1
-1
-1
-1
-1
-1
-1
-1
-1
-1
0.036509547315210646
-1
-1
-1
0.03538979100934603
-1
-1
-1
-1
0.03506234953569811
-1
0.03446095782965036
-1
-1
-1
-1
0.03426242583173806
-1
0.033747429057994244
-1
-1
-1
-1
-1
0.03329769294391307
-1
-1
0.03266984088399306
-1
0.03253650538219038
0.031406636624681246
0.031710122206106355
0.03139093535584073
-1
0.030866409175925785
-1
-1
-1
-1
-1
-1
-1
-1
-1
-1
-1
0.029981409065252127
-1
-1
-1
-1
-1
-1
-1
-1
0.029699168698886263
-1
0.028838576657519478
-1
-1
-1
0.028491489972332036
0.02811822425525934
0.027405947262002517
-1
-1
-1
-1
-1
-1
-1
-1
-1
-1
-1
-1
0.02709584412879722
-1
-1
-1
-1
-1
-1
-1
-1
0.026564340870971828
-1
0.024985021366244444
-1
0.0254241921508189
-1
-1
0.025637646323642682
0.02434382492373156
-1
-1
-1
0.023989219370584465
0.023194558319734358
-1
-1
-1
-1
-1
0.02295881155926436
-1
-1
0.023680432735718498
-1
0.022461850379018513
-1
0.023125021287675667
0.022371257662542107
-1
-1
-1
0.022837892461577747
-1
-1
-1
-1
-1
-1
-1
-1
-1
-1
-1
-1
-1
-1
-1
0.021624923937349973
-1
-1
-1
-1
0.020798184193227952
-1
-1
0.021947787764653066
-1
-1
-1
-1
-1
-1
0.021259546107600516
-1
-1
-1
-1
-1
-1
-1
-1
0.019127602227397976
-1
-1
-1
-1
-1
-1
-1
0.020028281793267842
-1
-1
-1
-1
-1
-1
-1
-1
0.019215625189533528
0.018256565635826543
-1
0.018355542463695664
-1
-1
0.018380345410886352
-1
-1
0.017257322199180605
-1
-1
-1
0.016741185893307052
-1
-1
-1
-1
0.01710845817563916
-1
-1
-1
-1
0.016875198204310982
-1
0.01616874673086139
-1
-1
-1
-1
0.016188250189931048
-1
-1
-1
-1
-1
-1
0.015384398293934128
0.015621142306916167
0.016009039937780845
-1
-1
-1
-1
-1
-1
-1
-1
-1
0.015775436740512995
-1
-1
0.014117985439200426
-1
0.014523447137951697
-1
-1
-1
-1
0.014602225643970092
-1
0.01440418212065709
0.016546127002070195
-1
-1
-1
0.014674246856023481
-1
-1
-1
-1
-1
-1
-1
0.015159996555400988
-1
-1
0.013709294949044553
-1
-1
-1
-1
-1
-1
-1
-1
-1
-1
-1
-1
-1
-1
-1
-1
-1
-1
-1
-1
-1
-1
0.012635287771949626
-1
-1
-1
