0.0753242275222435
-1
-1
0.07530537519474458
-1
0.07529758548931598
-1
-1
0.07528134338207283
-1
0.0752677885301274
-1
-1
-1
0.07525370564685033
0.07523745817640808
-1
-1
-1
0.07519255386539764
-1
0.07517087698470352
-1
-1
0.07507873810142095
-1
0.07496933488514282
-1
-1
0.07467057007709652
-1
0.07434988948221344
-1
-1
0.07305526401855218
-1
-1
0.07033949444386613
-1
-1
0.06934936407397373
0.06894239906396847
-1
-1
-1
0.06789959983591654
0.06741574975854293
-1
-1
-1
0.06587966648835102
-1
0.06519746029547631
-1
-1
0.06360190670426881
-1
-1
0.06258244860635458
0.06220887458153785
-1
-1
-1
0.060246861492929286
-1
-1
0.058759468854814464
-1
0.05810423467788228
-1
-1
-1
0.05658171591339423
-1
0.05609019436475446
-1
0.05527384120262474
0.05490755225495571
-1
-1
-1
-1
0.053856878972979895
0.05365329139803085
-1
-1
-1
0.05317236987115903
0.053376150960083635
-1
-1
-1
0.052770217162212224
0.05240207552178506
0.05221807825053396
0.052138298030767465
-1
-1
-1
-1
-1
0.05097433111662757
-1
-1
0.050837312105486976
0.050681738570667725
-1
-1
-1
-1
0.05004097240346585
0.04961359481382467
-1
-1
-1
0.04911790074502519
-1
-1
0.04895154644862762
0.04852451303010094
-1
-1
-1
0.0480825437358552
-1
-1
-1
0.04804207284026351
0.04739325609675214
0.04742513146624731
-1
-1
-1
-1
-1
-1
0.04679455723011664
-1
0.046456134928759864
-1
0.046186512623340316
0.046063553628745986
-1
-1
0.0457031988658788
-1
0.04534841905098507
0.04544040454677278
-1
-1
-1
-1
-1
-1
-1
0.04455289301940512
0.044214769618886623
0.04403922835742038
-1
-1
-1
-1
-1
-1
0.04339999143331329
0.043093480044834945
-1
0.04295949265513196
0.04290165957253891
0.04225545972890406
0.042451301698548174
-1
-1
-1
-1
-1
0.04191125151082294
0.040928203562286
0.040984250358277304
-1
-1
-1
-1
-1
0.040804369366729674
0.0400978010612519
-1
-1
-1
-1
0.04002928141435962
-1
-1
-1
0.03956070324150819
0.03906612766788538
0.03885738059786931
0.03884731384874121
0.038382870117335724
-1
-1
-1
-1
-1
-1
0.038004298590443616
0.038046157457589616
-1
-1
-1
0.0371749631222528
-1
-1
-1
0.03721849406423744
0.03643358875149842
0.03607888414328328
-1
-1
-1
-1
0.036373223629465865
0.035530384905742965
0.035652830215563314
0.03505587353540589
0.03458474350365637
0.03459805844995386
0.0344180893312934
-1
-1
-1
-1
-1
-1
-1
-1
-1
-1
0.03391477893466599
0.03355306461301075
0.03335314588068941
0.032829855799918775
-1
-1
-1
-1
-1
-1
-1
0.0327028311712854
0.03216507850492902
-1
-1
-1
-1
-1
0.03187531888606846
0.031246209449319506
0.031146190758863112
0.030416530919221283
-1
-1
-1
-1
-1
0.029933112055246083
-1
-1
-1
-1
0.03018360964359681
-1
-1
-1
0.02982272077923172
0.029527885782206716
-1
-1
0.028811972857984296
0.02869636844881717
0.027271794937627204
-1
-1
0.027790930013958905
-1
-1
-1
-1
0.027194662876655718
0.026312624829190886
-1
-1
0.026734316288084096
-1
-1
0.026054241430540026
0.025693557964512177
-1
-1
-1
0.025403805585970423
0.02467967610052027
-1
-1
-1
0.025151547948031823
-1
-1
-1
0.024906410852824253
0.023861468143014576
-1
-1
-1
0.0231958494900682
-1
-1
0.023338436769561533
-1
0.023366965505852533
0.022863232796908887
0.02257031804152549
0.02207570073855679
0.020744863984409286
-1
-1
-1
-1
-1
-1
-1
-1
-1
0.021344421593689482
0.021459431641550394
-1
0.020258285848762846
-1
-1
0.020419021282946894
-1
-1
0.019852890628856628
0.01961506860966819
-1
-1
0.01950195396970386
-1
-1
0.018712187748867067
-1
-1
-1
0.018555390819571988
-1
0.018624850856197393
-1
-1
-1
-1
0.01820176489392185
-1
0.018211934138051326
0.01696606964360473
-1
0.017489522070850576
-1
-1
-1
0.017127238671106795
-1
0.01564450328274495
-1
-1
-1
-1
0.01629251267585774
0.016017715849271825
-1
0.014898670240779597
-1
-1
-1
0.015757250531380405
-1
0.015033958506425709
-1
0.015034362743846723
-1
-1
-1
0.014859352427666173
-1
0.01435787547798732
-1
0.013182474608801625
-1
-1
0.013338630420969064
-1
0.013227598436161541
-1
0.013138353389617368
-1
-1
0.013388938724171896
-1
0.012516497042799531
-1
-1
-1
-1
-1
0.013335940404080905
-1
-1
0.012808986907874392
0.01219376412149831
-1
-1
-1
0.01179131189844969
-1
0.011796956294519038
-1
-1
0.01167539924322218
-1
0.010731983524204397
-1
0.011682143310705821
-1
0.010516503159954747
-1
-1
-1
0.01067413389949406
-1
-1
0.01016464308513698
-1
0.010517746239809172
-1
-1
0.010154732933043215
-1
0.00995858531285283
-1
0.009806379736239254
-1
0.009319264781880355
-1
0.00925148261867174
-1
-1
0.009336278735372431
-1
-1
-1
-1
-1
-1
0.009592056646943093
-1
0.009143176852346441
-1
0.00900796400021251
-1
0.008795045655228366
-1
-1
0.008357263899242585
-1
-1
0.008249412713941865
-1
-1
0.007877223756248112
-1
-1
-1
0.00858194070843435
-1
0.007433066170487423
-1
0.007261645468618485
-1
-1
0.00781966819559321
-1
0.0077699294523288385
-1
-1
0.007545864064406398
-1
-1
0.006789593282203306
-1
-1
-1
