-1
0.038669421807774954
-1
0.035390650506289506
-1
-1
0.032044436796656195
-1
-1
0.030996305942535402
-1
-1
0.029996558720210814
-1
0.029494107219408143
-1
-1
-1
0.028880510465154108
-1
0.028323044282085492
-1
-1
-1
0.02733026306584196
-1
0.02686020945602993
0.026451779131619436
-1
-1
-1
-1
0.02557349699848103
-1
-1
0.025346475952076463
-1
0.025048200319398122
-1
-1
-1
0.024834986452786426
0.024440274103632514
0.024352948710603537
-1
-1
-1
-1
-1
0.023689420538128548
0.023574722577940743
-1
-1
-1
-1
-1
0.0229474934317031
0.022827113416959654
0.022701215406633772
-1
-1
-1
-1
-1
0.022203056047547538
0.021901668355150044
-1
-1
-1
-1
-1
-1
-1
0.021416329167923836
-1
-1
0.0214196648012917
-1
-1
0.020952755730107145
-1
0.02083860327612679
-1
0.02055784616830214
-1
-1
0.020521781354580285
-1
-1
-1
0.020225305782174165
-1
-1
0.020097784793601844
0.01991999183060988
0.019649719427216727
0.01982162133702692
0.019550258955865533
-1
-1
