-1
0.0740293494442053
-1
-1
-1
-1
-1
-1
-1
-1
-1
-1
-1
-1
-1
-1
-1
0.07392564321819105
-1
-1
-1
-1
-1
0.07363671182888991
-1
-1
-1
-1
0.07245660957537199
-1
0.07193885030802231
0.07155901800122177
-1
0.07085708428544608
-1
-1
-1
0.06925029043565717
-1
-1
-1
-1
0.06719374391767714
-1
-1
-1
-1
-1
-1
-1
-1
-1
-1
-1
-1
-1
-1
0.06270463982520745
-1
-1
0.062388585115733905
0.06218388059683014
-1
-1
-1
-1
0.06114594232269198
-1
-1
-1
-1
-1
-1
-1
0.05878730203673156
0.05862813016824555
-1
-1
-1
0.057395730311410466
-1
-1
-1
-1
-1
-1
-1
0.05505744497678433
-1
-1
-1
-1
-1
-1
-1
-1
-1
-1
0.05217708112203587
-1
-1
0.05169520698792754
-1
-1
0.050981480475754765
-1
-1
0.05073278995982388
-1
-1
-1
-1
-1
-1
-1
-1
0.04906215291274221
0.04897222205212241
-1
-1
-1
-1
0.0480152247941982
-1
0.04748017857646384
-1
-1
0.04701841693175467
-1
-1
-1
0.04658866082018579
-1
-1
0.04598400495205706
0.045659364803492676
-1
-1
-1
-1
-1
-1
0.04484528791137606
-1
0.04478991610264917
-1
-1
0.044090837832779915
-1
0.04399060108508283
0.043958467001106304
-1
-1
-1
0.043380097896732084
-1
-1
-1
-1
-1
0.04261065010438885
-1
0.04225826556222481
-1
-1
-1
-1
-1
-1
0.04150335049768637
-1
-1
-1
-1
-1
0.04138784324913694
-1
-1
-1
-1
-1
-1
-1
-1
-1
-1
-1
0.03938323119927568
-1
-1
-1
-1
-1
-1
-1
0.03871245711867572
0.03837746723353514
-1
0.03815364673820852
-1
-1
-1
-1
0.03723732173791406
-1
0.03683420046728257
-1
-1
-1
-1
0.036508214926859094
-1
-1
-1
-1
-1
-1
-1
-1
-1
0.035582117797338476
-1
-1
-1
-1
-1
0.034617282319487186
-1
-1
-1
0.03415285477861326
0.033471507740299604
-1
-1
-1
-1
-1
0.033689312384142515
0.03342739535354034
-1
-1
-1
-1
0.03232795735548811
-1
-1
-1
-1
0.03234354919857449
-1
-1
-1
-1
-1
-1
-1
-1
-1
0.031121171566477993
-1
-1
-1
-1
-1
-1
0.029898638892592044
-1
-1
-1
0.030265145099651048
-1
-1
0.030126487895062098
0.02891710118243569
-1
0.02868944709761101
-1
-1
0.028541402405465557
-1
0.02762847852985761
-1
-1
-1
0.02818873273698907
-1
-1
0.02737262022425557
-1
-1
-1
-1
-1
-1
-1
-1
-1
0.026956953570159557
-1
-1
0.0265412454890926
-1
0.02602187023873915
0.025865983283310606
-1
-1
-1
-1
-1
-1
-1
-1
-1
-1
-1
0.02597996118473031
-1
-1
-1
-1
-1
-1
0.025203580065080295
0.02466920920979907
0.023814426632652506
-1
-1
-1
-1
-1
-1
-1
-1
-1
-1
0.023586660100702653
-1
-1
0.0233312825187605
0.022356161422896804
-1
-1
-1
-1
-1
-1
-1
-1
-1
-1
0.022279477067161026
-1
0.022520239537919474
-1
-1
-1
-1
-1
-1
0.022336609269443312
-1
-1
0.021349854462328014
-1
-1
-1
-1
-1
-1
-1
0.02113441242809184
-1
-1
-1
-1
-1
0.021307667619303652
-1
-1
-1
-1
-1
-1
-1
-1
-1
0.020528215466187015
-1
0.02014640106966621
-1
-1
-1
0.020121600195678355
-1
0.018980797985840958
-1
-1
-1
-1
-1
-1
-1
0.01888959386021073
-1
-1
-1
-1
-1
-1
-1
-1
-1
-1
-1
0.01887664553540492
-1
-1
-1
0.017588024250945154
-1
-1
-1
0.01823145199066017
-1
-1
-1
-1
-1
-1
-1
-1
-1
-1
-1
-1
-1
-1
-1
-1
-1
-1
-1
-1
-1
0.017200667694298146
-1
-1
0.016566967118901814
-1
-1
-1
-1
-1
-1
-1
-1
-1
-1
0.017246970333899672
-1
-1
0.017303839735468923
0.01655465136145988
-1
-1
-1
-1
0.015734974351542735
-1
-1
-1
-1
-1
-1
-1
-1
-1
0.016486724139305582
-1
0.014809428312276537
0.01504903965526157
-1
-1
-1
-1
-1
-1
-1
-1
-1
-1
0.014409030634060242
-1
-1
-1
-1
-1
-1
0.013984230038715385
-1
