0.07265044369743866
-1
0.07264212196313062
-1
0.07263455657125677
-1
0.0726214231796635
-1
-1
-1
0.07260432104462558
-1
-1
-1
-1
-1
-1
-1
0.07254589390986174
-1
-1
-1
0.07245041004662375
-1
-1
0.07224484647361977
0.07209707753172198
-1
0.0719049248880553
-1
-1
-1
-1
0.07076742857405283
-1
-1
-1
-1
0.06901357798900419
0.06860119914545597
0.06833699108327478
-1
0.06742642666529683
-1
-1
-1
-1
-1
0.06516787890091683
-1
0.06445906393736311
-1
-1
0.06380458323700913
0.06338742317505253
-1
-1
0.06314871623678114
-1
-1
-1
-1
-1
-1
-1
-1
-1
-1
-1
-1
-1
-1
-1
0.05907248854637146
0.05845323204994202
-1
-1
-1
-1
-1
-1
0.05594549451059508
-1
-1
-1
-1
-1
-1
-1
0.05387629044866099
-1
-1
-1
0.05311649447505914
-1
-1
-1
0.05247377249801043
0.051868807632946275
-1
-1
-1
-1
-1
-1
-1
-1
-1
-1
-1
-1
-1
0.04917675025254777
-1
-1
-1
-1
-1
0.04785866980413789
-1
0.04740039555771837
0.047271284895035834
-1
0.046805370490527846
-1
-1
-1
-1
-1
-1
-1
-1
-1
-1
0.044966728739368106
-1
-1
-1
-1
-1
-1
0.04406669463926149
-1
-1
0.04329576746931353
-1
-1
-1
-1
-1
0.04276910114635542
-1
-1
-1
-1
-1
-1
-1
-1
-1
-1
0.04151700034882258
-1
-1
-1
-1
-1
-1
-1
-1
-1
0.04042447076260465
-1
-1
-1
-1
-1
-1
0.03969879885321682
-1
-1
-1
-1
0.03947207189879371
0.03868920597636584
-1
-1
-1
-1
-1
-1
-1
-1
0.038468615927742526
0.0380443739370235
-1
-1
0.037731108648105735
0.03751641497449967
-1
0.036825143538632435
0.036624176785783856
-1
-1
-1
-1
-1
0.036048196068087825
-1
-1
-1
0.03615949475070805
-1
-1
-1
0.03568433965872792
-1
-1
-1
-1
-1
0.03497533743242616
-1
-1
0.03497323607935489
-1
-1
-1
0.034141152113386725
-1
0.034092527107127665
-1
-1
0.033327906224334125
-1
0.033322685609743434
-1
-1
-1
-1
-1
0.03239979179738795
-1
0.03280912035877265
-1
-1
-1
-1
-1
-1
-1
-1
-1
-1
0.031330890533993544
-1
0.031203180030711646
-1
-1
-1
-1
0.030377958295414748
-1
-1
-1
-1
0.02985474386261505
-1
0.029122849286181255
0.028602911777866696
0.028984187919538
-1
0.0286326158104591
0.028443526266848002
-1
-1
-1
-1
0.028251053320551382
-1
-1
-1
-1
-1
-1
-1
-1
-1
-1
0.027138171670506302
-1
0.02678462590986085
-1
-1
-1
-1
0.026469956729018574
-1
0.026260546327215955
0.025774627027002357
-1
-1
-1
0.025578086425378486
-1
-1
-1
0.025560492899232696
-1
-1
0.02468899442154227
-1
-1
-1
-1
-1
-1
-1
-1
0.024086072650349257
0.024123413282112007
-1
-1
-1
-1
-1
0.023048270428643644
-1
-1
0.023061686247876547
-1
-1
-1
-1
-1
-1
0.022614355472106377
-1
0.022281489282557108
-1
-1
-1
-1
0.02163679455090495
-1
-1
-1
0.021636764820918298
-1
-1
-1
-1
-1
-1
0.02155208322897698
-1
-1
0.020408167653870813
-1
-1
-1
-1
-1
-1
-1
-1
-1
-1
-1
-1
-1
-1
-1
-1
-1
-1
-1
-1
-1
-1
-1
0.01990516028068598
-1
-1
-1
0.0200035677806845
-1
-1
0.019157572047224323
-1
-1
-1
-1
0.018896186785790525
-1
-1
-1
-1
-1
-1
0.01825632928933912
-1
-1
0.01798403637791143
-1
-1
-1
-1
-1
0.01781414627160841
-1
0.0171608020741384
-1
-1
-1
-1
-1
0.016507713981334445
-1
-1
-1
0.01705359629925015
-1
0.01614973353384768
-1
0.016008435833512
0.015988080890722647
-1
-1
-1
-1
-1
-1
-1
0.015801006967870936
-1
-1
-1
0.014809522014653798
0.014496667111672244
-1
-1
-1
-1
0.014695182478832967
-1
-1
0.014829955640637759
-1
-1
-1
-1
-1
-1
0.014215585748547489
-1
-1
0.014060942090830756
0.013266772491115967
0.012591389559426354
-1
0.012591169239247886
-1
0.012514387027731218
-1
-1
-1
-1
0.012596294761282725
-1
-1
-1
-1
0.01261389571630839
-1
-1
-1
-1
-1
-1
-1
-1
0.01283673177500373
-1
-1
-1
-1
-1
0.011709848747959415
-1
-1
-1
-1
-1
-1
-1
-1
-1
-1
-1
