-1
-1
-1
-1
-1
-1
-1
-1
-1
0.07307675182143576
-1
-1
-1
-1
-1
-1
-1
-1
-1
-1
0.0730619917110521
-1
-1
-1
0.07305134407787366
-1
0.07302937940134754
-1
-1
0.07301053849477616
-1
-1
-1
-1
-1
-1
-1
-1
-1
-1
-1
-1
-1
-1
-1
-1
0.07121491789006862
-1
-1
0.07003124165697162
-1
0.06911350031828933
-1
-1
-1
-1
-1
-1
-1
-1
-1
-1
-1
-1
-1
-1
-1
-1
-1
-1
-1
-1
0.06386417401891177
-1
-1
0.06366021654773461
-1
-1
-1
-1
-1
-1
0.06211685096325517
-1
-1
-1
0.06108100484558244
-1
-1
-1
-1
0.059555533035001516
-1
-1
-1
-1
0.05822015841261329
-1
-1
-1
-1
-1
-1
-1
-1
0.05622930602421836
-1
-1
-1
0.05521057809020927
-1
-1
-1
-1
-1
0.05449207137231113
-1
0.05408231298399079
-1
-1
-1
-1
-1
-1
0.05316817700998043
-1
0.053069097276717894
-1
-1
0.05230319472937898
-1
-1
-1
-1
-1
-1
0.05147768002248405
-1
-1
-1
-1
-1
-1
-1
-1
-1
-1
0.05026763388359087
-1
0.05017344416404257
-1
-1
-1
-1
-1
-1
-1
-1
-1
0.04902800762193814
-1
-1
-1
-1
-1
-1
-1
-1
-1
0.047965778190803096
-1
-1
-1
-1
-1
-1
-1
-1
-1
-1
-1
-1
-1
-1
-1
-1
0.046545535907183105
-1
0.046235997822819924
-1
-1
-1
-1
-1
-1
-1
-1
-1
0.04526196710106467
-1
-1
-1
-1
-1
-1
-1
-1
-1
-1
0.04390767674867798
-1
-1
-1
-1
-1
-1
0.04372797844901917
-1
0.043104201703925794
-1
-1
-1
-1
-1
-1
-1
-1
-1
-1
-1
0.04238087298378112
-1
-1
-1
-1
-1
-1
-1
-1
0.04199282252599322
-1
-1
0.04127892496364187
-1
0.04107956972792576
-1
-1
0.0407239574423723
-1
-1
-1
-1
-1
-1
-1
-1
-1
-1
-1
0.040062233920540674
-1
0.040232332006874
-1
0.039602064086196105
-1
-1
-1
-1
-1
-1
0.03926273989839618
-1
-1
-1
0.038412549679511805
0.03827596886628339
-1
0.03776605129241943
-1
0.03779585539889173
0.03722593268029003
-1
0.036890713698199004
-1
-1
0.03697343172670221
-1
-1
-1
-1
-1
-1
-1
-1
-1
-1
-1
-1
-1
-1
0.0359999088203015
-1
0.03581717068375914
0.035370565109512433
0.03487435873944202
-1
-1
-1
0.03502466584008838
0.033744635873911334
-1
-1
-1
-1
-1
0.03413387150450899
-1
-1
-1
-1
-1
-1
-1
0.03357807314044494
0.032953130577156604
-1
-1
-1
-1
0.032314876336900014
-1
-1
-1
-1
-1
-1
0.032015542270374946
0.03148941053014223
-1
-1
-1
-1
-1
0.03165146239490466
-1
-1
-1
-1
0.030546493716791374
-1
-1
-1
-1
0.030518512742049028
-1
-1
-1
-1
0.030138076432978486
-1
-1
-1
-1
-1
-1
0.02923633053459548
0.02920276333415319
-1
-1
-1
0.02852914453634059
-1
-1
-1
0.02843489091412551
0.02760361543858673
0.02732327738586737
-1
0.026435858389687917
-1
-1
-1
-1
-1
-1
-1
-1
-1
-1
-1
0.026126149844150154
-1
-1
-1
-1
-1
0.026672968437341876
-1
-1
-1
-1
0.025438374294445357
0.02489904822135458
-1
-1
-1
-1
-1
-1
0.0249164498987652
-1
-1
-1
0.02524843440304538
0.024677328228139554
0.02368371606954371
0.022559551370927806
0.02265241204205554
-1
0.022494253881123603
-1
-1
-1
-1
-1
-1
-1
-1
-1
-1
-1
0.023424807076010842
0.02228392864030505
0.020936717860012097
-1
-1
0.021252384896721696
-1
-1
-1
-1
-1
-1
-1
-1
-1
-1
-1
-1
-1
-1
-1
0.021007556439527307
0.020782078096385444
-1
-1
-1
-1
-1
-1
-1
-1
0.020999195090497164
0.01952348627200743
0.019534447944623813
-1
-1
-1
-1
-1
-1
0.01862335032751771
0.018208239935422973
0.018629148467327734
0.01791277689322863
0.017646914632682628
0.017367877535809192
-1
-1
-1
-1
-1
0.01752029412728048
-1
-1
-1
-1
-1
0.017276444112092188
0.016310252208693497
0.016200493914740426
-1
-1
-1
-1
-1
-1
-1
-1
-1
