-1
0.07675476370917426
-1
-1
0.07674783356984456
-1
-1
0.07672993596394857
-1
-1
0.07671956581539578
-1
-1
0.07671433120303685
-1
-1
0.07670360247294108
-1
-1
0.07666583675808376
-1
-1
0.07662414148118761
-1
-1
-1
0.0764963542090522
-1
0.07639755418565537
-1
-1
0.07594902324676514
-1
-1
-1
-1
0.07150819614198473
-1
0.070487418545617
-1
-1
-1
0.06877737633387247
-1
0.06869589270485772
-1
-1
0.06759285153283014
-1
-1
0.06654004918204413
-1
-1
-1
0.06528207540512085
0.06477008167902629
-1
-1
-1
-1
-1
0.0632675707075331
0.06284223890304565
0.06230368651284112
-1
-1
-1
-1
-1
0.0595384373664856
0.05908865382936266
0.058144695440928144
-1
-1
-1
-1
-1
-1
0.05559702406989204
-1
-1
0.05486838255988227
-1
-1
-1
0.05360820624563429
-1
0.05307514230410258
-1
-1
-1
0.05228957255681356
0.052080522934595745
-1
-1
-1
0.05145208276642694
-1
-1
-1
0.05056503338283962
-1
0.05021719782882266
-1
-1
0.04991695066293081
-1
-1
-1
0.049070271147622004
-1
0.048668392737706505
-1
-1
-1
-1
0.04843927290704515
0.04786639719539219
-1
-1
-1
-1
-1
-1
-1
-1
-1
0.04655592176649306
0.04656008089913262
-1
0.04641076538297865
-1
0.04641587175263299
-1
0.045929516593615216
-1
-1
0.04522500703069899
-1
0.04539079570770264
0.04506709186236064
-1
-1
-1
-1
-1
0.04475700669818454
-1
-1
0.04430663634671105
-1
-1
-1
-1
0.04414783007568783
-1
0.04321470628844367
0.043428236299090914
-1
-1
-1
-1
0.04309834504127503
-1
-1
-1
-1
0.04294838549031152
-1
-1
0.04222305750846863
-1
0.04211364048057133
-1
0.04183446229828729
0.04150928178098466
0.041715530587567225
-1
-1
-1
-1
-1
-1
-1
0.04107766021622552
0.04039299956957499
-1
-1
-1
-1
-1
0.04005263894134097
0.03950121544467078
0.0389792220460044
0.03864104520612293
-1
-1
-1
-1
-1
-1
-1
0.038625625822279186
-1
-1
0.03821841867764791
0.03681004458003574
-1
-1
-1
-1
-1
0.03670498310857349
0.036502598199579454
0.03648143574264315
-1
-1
-1
-1
-1
-1
-1
0.03646440092722575
-1
-1
-1
0.03508367765612073
-1
-1
0.03409645031558143
0.035201419807142684
-1
-1
0.033782745993799636
0.03377847122483783
0.03296390116877026
-1
-1
-1
-1
-1
-1
0.03291794057687124
0.0323671787612968
0.0323848129676448
0.03160039573576715
-1
-1
-1
-1
-1
-1
-1
-1
-1
-1
-1
-1
0.03086425755918026
0.03006209417184194
-1
-1
0.030005372118618753
0.02950217501819134
0.028477709588077334
-1
-1
-1
-1
-1
-1
-1
0.028359474425514536
-1
-1
-1
-1
-1
-1
0.028191811131934325
0.027409306975702444
0.0266938758575254
-1
-1
0.026391528502934507
-1
-1
0.026206348192360663
-1
-1
0.025198737694157494
-1
-1
-1
-1
0.02511886470723483
0.024643906007210413
-1
-1
0.02429786635852522
-1
-1
-1
0.024296454164716933
-1
-1
-1
0.023633154110362133
0.02291483211517334
-1
-1
-1
0.022935599310530557
-1
-1
-1
-1
-1
0.0222181561510596
-1
-1
0.021995671565747926
-1
-1
0.021753630567755963
-1
-1
0.021093948610954816
0.020594189992381464
-1
-1
0.02039098148503237
-1
-1
0.019676591390950814
-1
-1
-1
0.02085502169570989
0.01969905742009481
-1
-1
-1
0.018989971116185188
-1
0.018107068763631915
-1
-1
0.01839656383637339
-1
-1
-1
0.01794855848347975
-1
-1
-1
-1
0.01771509645341171
-1
0.017447606669118005
-1
-1
-1
-1
-1
0.016174890804001026
-1
-1
-1
0.016828242717103824
-1
0.01700751591867043
-1
0.01557527161658638
-1
0.016498411050997676
-1
-1
0.015204010762481226
-1
-1
0.015442845262069668
-1
-1
0.014689652334542997
-1
-1
0.014979893611951008
-1
-1
0.013927068413131766
-1
-1
0.013688154495424695
-1
-1
-1
-1
0.014947909490101866
0.014232894035340804
-1
-1
0.013568490199537741
-1
-1
-1
-1
0.013832350570553292
-1
0.01417415387633567
-1
-1
-1
-1
-1
-1
0.012858620406542388
-1
0.012275281667709352
-1
-1
0.012703032534569503
-1
0.01172228333234994
-1
-1
0.011479045846059712
-1
0.01126317571817587
-1
-1
0.011801342188742838
-1
-1
0.011227544919458321
-1
-1
-1
-1
-1
-1
-1
0.014193798539953098
-1
0.011139954265931415
0.010882542474919724
-1
-1
0.010929659519512722
-1
0.010514664283229246
-1
0.010319344160250491
-1
0.010471177844227188
-1
-1
-1
0.009904639545983326
-1
0.009784229576949858
-1
-1
-1
-1
-1
0.009600510697656621
-1
-1
0.009518134280625317
-1
0.008422817519335594
-1
-1
0.00942062920329085
-1
-1
-1
0.00952069234784479
-1
-1
0.00849433584881222
-1
0.008815892109466303
-1
-1
0.008417276695888076
-1
-1
0.00810534011101764
-1
-1
0.0076731721749335215
-1
-1
0.00787897883726853
-1
-1
-1
-1
