-1
-1
0.07773546194101309
-1
-1
-1
0.07772792878089013
-1
-1
-1
0.07771955874059107
-1
-1
-1
-1
-1
-1
-1
0.07772683341781814
-1
-1
-1
-1
0.07777252866076184
-1
-1
-1
-1
-1
0.07780314135861087
0.07741043090820313
0.07709290392987139
0.0767963711627118
0.07624156852821251
-1
-1
0.07432160241263253
-1
-1
0.07271478361897654
-1
-1
-1
-1
-1
0.06865495440247771
0.06817253007517232
0.06784003313485677
-1
-1
-1
0.06683050904955183
-1
-1
-1
-1
-1
-1
-1
-1
-1
0.06529899813912132
-1
0.06504728441114549
-1
-1
0.06400668026564958
-1
0.06344087644056841
-1
-1
-1
0.06219624153979413
-1
-1
-1
-1
0.06018335614885603
-1
-1
-1
-1
0.05895480902164014
-1
-1
-1
-1
-1
-1
-1
-1
-1
0.056406760494430344
-1
-1
-1
-1
-1
-1
-1
-1
-1
-1
-1
-1
-1
-1
-1
-1
-1
-1
-1
-1
-1
0.053284350184651164
-1
-1
-1
-1
-1
-1
0.05081923535891942
-1
-1
-1
-1
0.048981840177015824
-1
-1
-1
-1
-1
0.04869875189545867
-1
-1
-1
-1
-1
-1
-1
-1
-1
-1
-1
-1
-1
-1
-1
-1
-1
-1
0.04660441084341569
0.04582477143832616
-1
-1
-1
-1
-1
-1
-1
-1
-1
-1
-1
-1
0.04465153904704304
0.044291888599271904
-1
-1
-1
-1
-1
-1
-1
-1
-1
0.04291133772243153
-1
-1
-1
-1
-1
0.042527235928293945
-1
-1
-1
-1
-1
0.04116210601546548
-1
-1
-1
-1
-1
0.0409007498660645
-1
-1
-1
-1
-1
-1
-1
-1
-1
-1
-1
-1
-1
-1
0.03894681066661686
-1
-1
-1
-1
-1
-1
-1
0.03864027875971485
-1
-1
-1
-1
-1
-1
-1
-1
-1
-1
-1
-1
-1
-1
-1
-1
-1
0.03620334135247515
-1
-1
-1
-1
-1
-1
-1
-1
-1
-1
-1
-1
-1
0.035238249121935336
-1
-1
-1
-1
0.03548806149512529
0.03520574526159794
-1
-1
-1
-1
0.0342344772641535
-1
-1
-1
-1
-1
-1
-1
-1
-1
-1
-1
-1
-1
0.0332221715447384
-1
-1
-1
-1
-1
-1
-1
-1
-1
-1
-1
-1
-1
0.03132344591830458
0.031481199232111505
-1
-1
-1
0.02916311490845371
0.029270342228474557
-1
-1
0.030119748528708114
-1
-1
-1
0.028174343716304798
-1
-1
-1
-1
-1
-1
-1
-1
-1
-1
-1
-1
-1
-1
0.028129330360173406
0.02663102941442426
-1
-1
-1
-1
0.026023959702292047
-1
-1
-1
0.02586962004470361
-1
-1
-1
-1
-1
-1
-1
-1
-1
-1
-1
-1
0.02574673345385047
-1
-1
-1
-1
-1
-1
-1
-1
-1
-1
-1
-1
-1
-1
-1
-1
-1
-1
-1
-1
-1
0.023259914815425872
-1
-1
-1
-1
-1
-1
-1
0.023319805787827868
-1
-1
-1
-1
-1
-1
-1
0.023308094569614957
-1
-1
-1
-1
-1
-1
-1
-1
-1
-1
-1
-1
-1
-1
-1
-1
-1
-1
-1
-1
0.021773385296200775
-1
0.02102322385537547
0.020605730257759042
-1
-1
-1
-1
-1
-1
-1
-1
0.021518319194831024
-1
0.020428789564795408
-1
-1
-1
0.02028272389760846
-1
-1
-1
-1
-1
0.019504617301780464
-1
-1
-1
-1
-1
-1
-1
0.018725404337580714
-1
-1
-1
-1
0.01910886610918618
-1
-1
-1
0.01907356820837859
-1
-1
-1
-1
-1
-1
-1
-1
-1
-1
-1
-1
0.018295486866399743
-1
-1
0.017749246103135725
-1
-1
-1
-1
-1
-1
0.017409583712782856
-1
-1
-1
-1
0.01747637925250758
-1
-1
0.017116332866898558
-1
-1
-1
0.015727415929862914
-1
0.015587816946374785
-1
-1
0.015792388205353003
-1
0.014711450030021793
-1
0.01542509808056903
-1
-1
0.015131653069470126
-1
0.014095422189271487
-1
-1
-1
-1
-1
-1
-1
-1
-1
0.014158647302687457
-1
