-1
-1
-1
-1
-1
-1
-1
-1
-1
-1
-1
-1
0.07297957936502662
-1
-1
-1
-1
-1
-1
-1
-1
-1
-1
0.0728309303711131
0.07277209138769428
-1
-1
-1
-1
0.07221420370751153
-1
-1
-1
-1
-1
-1
-1
-1
-1
-1
-1
-1
-1
-1
-1
-1
-1
-1
-1
-1
0.06486985748968467
-1
-1
-1
-1
-1
-1
-1
-1
-1
0.06260060714616836
-1
-1
-1
0.06169381111419226
-1
-1
-1
-1
-1
0.05971988452161341
-1
-1
-1
-1
-1
-1
-1
0.056608482243898806
-1
-1
-1
-1
-1
-1
-1
-1
-1
-1
-1
-1
0.05395629607597819
-1
-1
-1
-1
-1
-1
-1
-1
-1
-1
-1
0.052185664418887896
-1
-1
-1
0.05160722737584507
0.05121823128383709
-1
-1
-1
-1
-1
-1
-1
-1
-1
-1
-1
0.049061157738683595
-1
-1
-1
-1
-1
-1
-1
0.04785436480040278
0.04787512334658278
0.04748764154018861
0.04733437327451484
-1
-1
-1
0.046943860578234554
-1
-1
-1
-1
-1
-1
-1
-1
-1
-1
-1
0.045416131634540835
-1
-1
-1
-1
-1
0.045347326704109944
-1
-1
-1
-1
-1
-1
-1
-1
-1
0.044212540713223544
-1
-1
-1
0.043472389086104346
-1
-1
-1
-1
-1
-1
-1
0.04287724570542511
-1
-1
-1
-1
-1
0.042359286433294514
-1
0.04207551313001056
-1
-1
-1
-1
-1
-1
-1
-1
-1
0.041503835606524604
-1
0.040678285292288716
-1
-1
0.0406648097280216
0.04060497281415266
-1
-1
0.03973865836669728
-1
-1
-1
-1
0.039083293351260096
-1
-1
-1
-1
0.03856289094396676
-1
0.038309612763104434
-1
0.03830115044091771
-1
0.03767935319884383
-1
-1
-1
-1
0.037026513177295065
-1
-1
-1
-1
-1
-1
0.0364462184351544
-1
-1
-1
0.0359352734073776
-1
0.03530301274003236
0.03521975160401165
-1
0.03487106934662349
-1
0.03380142054648531
-1
-1
0.033662563524588976
-1
-1
-1
-1
-1
0.032985270729024616
-1
-1
-1
-1
0.03294123320448474
-1
0.03211796654203226
-1
-1
-1
-1
-1
-1
-1
-1
-1
-1
-1
-1
-1
-1
-1
0.031262554099141415
-1
0.030678377670667136
-1
-1
-1
0.02994545390691616
-1
-1
0.0291607672769978
-1
-1
0.02848765290564765
-1
-1
0.02865563488661865
-1
-1
-1
0.027999430957858708
0.02812822147353255
-1
-1
-1
0.027124970458274663
-1
-1
-1
-1
-1
-1
-1
-1
-1
0.026543589500241754
-1
0.026151606308229377
-1
-1
-1
-1
0.025485815860756357
-1
0.025318197669740965
-1
-1
-1
-1
0.024857997957294133
-1
-1
-1
-1
-1
-1
0.02471652478294695
-1
-1
-1
-1
-1
0.02375808960539594
-1
-1
-1
-1
0.023098403165002706
-1
-1
-1
-1
-1
-1
-1
-1
-1
-1
-1
-1
-1
-1
-1
-1
-1
-1
-1
0.022444566699969592
-1
-1
-1
-1
0.021311281498592446
-1
-1
0.02165622267612191
0.020765338853852188
-1
-1
-1
0.020918187971599004
-1
-1
0.02030928202965799
-1
0.01970660196928343
-1
-1
-1
-1
-1
-1
-1
-1
0.019315568362431597
-1
-1
0.019237218233294013
-1
-1
-1
-1
-1
-1
-1
0.018660103380050013
-1
-1
0.01825683343108058
-1
0.017975792458899176
0.01754682738861624
-1
0.016780417836241693
-1
-1
-1
-1
-1
-1
0.016945104732573914
-1
-1
-1
0.016924059769063873
-1
0.01652837592249945
-1
-1
-1
-1
-1
-1
-1
-1
-1
-1
-1
-1
-1
-1
-1
-1
-1
0.01585883182526643
0.015987872100783704
-1
0.015615779224460271
-1
-1
0.014630800334394104
-1
-1
-1
0.014591008286143459
-1
-1
-1
-1
-1
-1
0.014580688334166626
-1
-1
0.014216578365884422
-1
-1
-1
-1
-1
-1
-1
-1
-1
-1
-1
0.013771377229791363
-1
-1
0.013797050701891394
-1
-1
-1
-1
-1
-1
-1
-1
-1
-1
-1
-1
-1
-1
0.013649485252372306
0.012964176848121225
0.012226729715601334
0.012281732050107347
-1
0.012087073351943721
-1
-1
-1
-1
-1
-1
-1
-1
