-1
-1
-1
-1
-1
-1
-1
-1
-1
-1
0.0768623255408952
-1
-1
-1
0.07682517217368486
-1
-1
-1
-1
-1
-1
-1
-1
-1
-1
0.07639419135112804
-1
-1
-1
-1
0.07544968643273436
-1
-1
-1
-1
-1
-1
-1
-1
-1
-1
-1
-1
-1
-1
-1
-1
-1
-1
-1
-1
-1
-1
-1
-1
-1
-1
-1
-1
-1
-1
-1
-1
-1
-1
-1
-1
0.06747510093357621
-1
-1
-1
-1
-1
-1
-1
-1
-1
-1
0.06368210347564289
-1
-1
-1
0.06211370410260751
-1
0.0614683446480596
-1
-1
0.06063375215487916
-1
-1
-1
-1
-1
-1
-1
-1
-1
-1
-1
-1
-1
0.05775167132273549
0.057193567041299395
-1
-1
-1
0.05628839845381229
-1
-1
-1
0.055621538727745445
0.05469322378492037
-1
-1
0.05448550337672499
-1
-1
-1
-1
0.054617107339319515
-1
-1
-1
0.0524414389329923
-1
-1
-1
-1
-1
-1
-1
-1
0.05151304415445816
-1
-1
0.05087883233493049
-1
-1
0.04961048200029573
-1
-1
-1
-1
-1
-1
-1
-1
0.04891732104106045
-1
-1
-1
-1
-1
-1
-1
-1
0.04749755354925891
-1
0.047779464190680625
-1
-1
-1
0.04665609142828094
-1
-1
-1
-1
-1
-1
-1
-1
-1
-1
-1
-1
-1
0.045063322251517414
-1
-1
0.045470468882463026
-1
-1
-1
-1
-1
0.0434436095716693
0.043577708267422195
-1
-1
-1
-1
-1
-1
-1
0.04321113967550358
-1
-1
-1
-1
-1
0.042083719598423934
-1
0.041476762327956725
0.04185422751845124
-1
0.04037543663667942
-1
-1
0.039941400623069306
0.04007278549876935
-1
-1
-1
-1
-1
-1
0.03883356436721997
-1
0.03954551138133142
-1
-1
0.03885748792597339
0.03853356261096712
-1
-1
-1
-1
-1
-1
0.03791997097847456
-1
-1
-1
-1
-1
-1
-1
-1
-1
-1
-1
-1
-1
-1
0.03635265924086284
-1
-1
-1
-1
-1
-1
-1
0.036821453595214534
0.03563421784769453
-1
-1
-1
0.03420270981976476
-1
-1
-1
-1
-1
-1
-1
-1
-1
-1
-1
-1
-1
-1
-1
-1
-1
-1
0.033753975804372456
-1
-1
0.03339905828104784
-1
0.032804926887635796
-1
-1
-1
-1
-1
-1
-1
-1
-1
-1
0.03336471095847128
-1
-1
-1
0.03169270566019555
-1
-1
-1
0.03263916950548412
-1
-1
0.030308158786963246
-1
-1
-1
-1
0.03412504694310488
-1
0.03079743826956818
0.028089034534941007
-1
-1
-1
0.0292824670550038
-1
-1
-1
-1
-1
-1
-1
0.030473195666857977
-1
-1
-1
-1
-1
-1
-1
0.02734548864706745
-1
-1
0.02869554634707957
-1
-1
-1
-1
-1
0.030712504669783307
-1
-1
0.029216561082310823
-1
0.025716191577416055
-1
-1
-1
-1
-1
-1
-1
-1
-1
-1
0.026160376512586556
-1
-1
-1
-1
0.024933264342516262
0.023944371731283935
-1
0.026844699648291885
0.022851092998692372
-1
0.022742224015909474
-1
-1
-1
-1
0.022544174042415238
-1
0.022535446291860196
-1
-1
-1
-1
0.022511479941161476
-1
-1
-1
-1
-1
-1
-1
0.021390479295926777
-1
0.020920328970869925
-1
-1
-1
0.020436111776902858
-1
-1
-1
0.019987195175603125
-1
-1
-1
-1
-1
-1
0.020742137505911928
-1
-1
-1
0.0193453776353518
-1
-1
0.018862464743353145
-1
-1
-1
-1
-1
-1
-1
-1
0.019640402010870674
-1
-1
-1
-1
-1
-1
-1
-1
-1
-1
-1
-1
-1
-1
-1
0.018429142431322824
-1
-1
-1
-1
-1
-1
-1
-1
-1
-1
-1
0.019643266054350243
-1
-1
-1
0.018373499710805985
-1
0.016487336957584527
-1
-1
0.020198522426118085
-1
-1
-1
0.016891778316098102
0.01519400494075681
-1
-1
0.014706624068661005
-1
-1
-1
0.02208985140448633
-1
-1
-1
-1
-1
-1
-1
-1
-1
0.015082647775387743
-1
-1
-1
-1
-1
-1
-1
-1
-1
-1
-1
-1
0.014888045377828407
-1
-1
-1
-1
-1
-1
-1
