0.07347365059751146
-1
-1
-1
-1
-1
-1
-1
0.07345283703601106
-1
-1
0.07343920887784755
-1
0.0734241838150836
0.07342079307170625
0.07342588229382292
-1
-1
-1
-1
-1
-1
-1
-1
0.07326310555985634
-1
-1
-1
-1
-1
-1
-1
-1
-1
-1
-1
-1
0.07033780267898072
-1
-1
-1
-1
-1
-1
-1
-1
-1
-1
-1
-1
-1
0.06536360636670539
-1
-1
-1
-1
0.06423760322814291
-1
-1
0.06365995686104957
-1
-1
-1
-1
-1
-1
-1
-1
0.06048988509685435
-1
-1
0.05944684154175697
-1
-1
-1
0.05807361862760909
-1
-1
-1
-1
-1
-1
-1
0.055946305330763474
0.05566235774375023
0.05544182195308361
-1
-1
-1
0.05469592080471363
-1
0.05423638624079684
-1
-1
0.053721379028989914
0.05334959359879189
-1
-1
0.05294049287095983
-1
-1
-1
0.05229373897643799
-1
-1
-1
-1
-1
-1
-1
-1
-1
-1
-1
-1
-1
-1
0.04975346517055593
0.05013002651803036
-1
-1
-1
0.049280636551532336
-1
0.04874513605807689
-1
-1
-1
0.04809728296513253
-1
-1
-1
-1
-1
-1
-1
0.04692764897295769
-1
0.046733851065026956
0.04639234276528054
-1
-1
-1
-1
0.04562002559925648
0.04565286293942877
0.04516098302729586
-1
-1
-1
0.04490346743705425
-1
0.04475360734665647
-1
-1
-1
-1
-1
-1
-1
-1
-1
0.04340840299078759
-1
0.04305750144288895
-1
0.042659024482077736
-1
-1
-1
-1
-1
-1
-1
-1
-1
-1
-1
-1
-1
-1
-1
-1
-1
0.04114969119112542
-1
-1
-1
-1
-1
-1
-1
-1
0.04005822494943091
-1
-1
0.040107345581054686
0.03932067342895142
-1
-1
-1
-1
0.039495079821728646
-1
0.03881911660762544
-1
-1
-1
-1
-1
0.03810697204255043
-1
-1
-1
0.037902228661040045
0.03729664245818524
-1
-1
0.037469326942525014
-1
-1
-1
-1
-1
-1
-1
-1
-1
0.03664486902825376
-1
-1
-1
-1
-1
-1
-1
-1
0.03575857341923612
-1
-1
-1
-1
-1
-1
0.03456829469254676
-1
-1
0.03448779617852353
-1
-1
-1
-1
-1
0.03420033733895485
-1
-1
-1
-1
-1
-1
-1
0.0338724285047105
-1
-1
-1
-1
-1
-1
-1
-1
0.03254499121549281
-1
-1
-1
-1
-1
0.03236993697095424
-1
-1
-1
-1
-1
-1
-1
-1
0.031311566620431046
-1
-1
-1
-1
-1
-1
-1
-1
-1
0.03028225175877835
-1
-1
-1
-1
0.02948121942104177
0.029749535246098295
-1
-1
-1
0.028725789233725124
-1
-1
-1
-1
-1
-1
-1
-1
-1
-1
-1
-1
-1
0.028418775885663133
-1
-1
-1
-1
-1
-1
0.026979577953511098
-1
-1
-1
0.02669648413962506
-1
-1
-1
-1
-1
-1
-1
0.026458476388708074
-1
-1
-1
-1
-1
-1
-1
-1
0.025387473673896585
-1
-1
-1
-1
-1
-1
0.025598419172332642
-1
-1
-1
0.02437864984286592
-1
-1
-1
-1
0.024422891834314835
0.02408568982748275
-1
-1
-1
0.023845553921258197
-1
-1
-1
-1
-1
0.022714296918600167
-1
0.02324759503628345
-1
-1
-1
-1
0.02271645428969505
-1
-1
0.021834932965167028
-1
-1
-1
-1
-1
-1
-1
-1
-1
-1
-1
0.02234462184157777
-1
-1
-1
0.021659268914385042
-1
-1
-1
0.02056800044597463
0.01987943062756924
-1
-1
-1
-1
-1
-1
-1
-1
-1
-1
0.02036556397029694
-1
-1
-1
-1
-1
0.019535148587632688
-1
-1
-1
0.019495817923799473
-1
-1
-1
-1
-1
-1
-1
-1
-1
-1
-1
-1
-1
0.01921610790998378
-1
-1
-1
-1
0.017971646222979466
0.018348474182347033
0.01742967405217759
-1
-1
-1
-1
0.01768952505861191
-1
-1
-1
-1
-1
-1
-1
-1
-1
-1
-1
0.017636565539114017
0.017462725247791473
-1
0.017079119392214938
-1
-1
-1
-1
-1
-1
-1
-1
-1
0.016810914438138615
-1
-1
-1
0.015670743315143787
-1
-1
-1
0.016059348787716095
-1
-1
-1
-1
-1
-1
-1
-1
-1
0.01608619230224731
-1
-1
-1
-1
