-1
-1
0.0400577187538147
-1
-1
-1
-1
0.03368456255305897
-1
-1
-1
-1
-1
-1
0.032097565646123406
-1
-1
0.03088209466500716
-1
-1
-1
-1
-1
0.0283616314632724
-1
-1
-1
-1
0.026916355015051487
-1
-1
-1
-1
0.026168787238573788
-1
-1
-1
-1
-1
0.024853003326088488
-1
-1
-1
-1
0.024270529006466722
-1
-1
-1
-1
-1
0.02314040179204459
-1
-1
-1
-1
-1
0.022244219256169866
-1
-1
-1
0.02155564535747875
-1
-1
-1
-1
-1
-1
-1
0.02054623073399669
-1
-1
-1
0.0200089675308478
-1
-1
-1
0.019810797499887872
-1
-1
-1
-1
-1
0.01951794329315725
-1
-1
-1
0.01907657604626935
-1
-1
-1
-1
-1
0.018662019149221554
-1
-1
-1
-1
0.018302876329181168
-1
-1
