-1
0.07411584178777211
-1
0.07410026906385954
-1
-1
-1
-1
-1
0.07408663141880935
-1
-1
-1
-1
0.07405624809183275
0.07404361487458193
-1
-1
-1
-1
-1
-1
-1
-1
0.07376761569485644
-1
-1
-1
-1
-1
-1
-1
-1
-1
0.07092419243677492
-1
-1
-1
-1
0.06822616593520528
0.06771211230192062
0.06734107190447304
-1
-1
-1
-1
-1
-1
0.06382972784820033
-1
-1
-1
-1
-1
0.062446837926627224
-1
0.06230238481652583
-1
-1
-1
0.06141854514379869
-1
-1
0.061028672083253
0.060720207302355465
-1
0.06045515040982946
-1
0.06017117571933075
0.05965887415562576
-1
-1
-1
-1
-1
-1
0.05847272801296905
-1
-1
-1
-1
-1
0.05733216786077606
-1
-1
-1
0.056506560800413205
-1
-1
-1
-1
-1
-1
-1
-1
0.05480546675014905
0.05504166107832618
0.05432745387114169
0.054322628248403
-1
0.053809274266206145
-1
-1
-1
-1
0.053052278138025634
-1
-1
-1
-1
-1
-1
0.05211501853148825
-1
-1
-1
-1
0.05137214947156128
-1
-1
-1
-1
-1
-1
-1
-1
-1
-1
-1
-1
-1
-1
-1
-1
-1
-1
-1
-1
-1
-1
-1
-1
0.04822597769708592
-1
-1
-1
-1
-1
0.04734519121472928
-1
0.04719913082573035
-1
-1
0.046531614725170214
0.04605936410601047
0.045986321299884454
-1
-1
-1
-1
-1
0.04522530528608821
0.045025168570326124
-1
-1
0.044438442012271144
-1
-1
-1
-1
-1
-1
-1
-1
-1
-1
-1
-1
-1
-1
-1
-1
-1
0.04252514828939807
-1
-1
0.04201016594923617
0.04154716157094603
-1
-1
-1
-1
-1
0.04093118061835162
-1
-1
-1
-1
-1
-1
-1
0.04023163464447971
-1
-1
0.039169673065259224
-1
-1
-1
-1
-1
0.039281397674216734
-1
0.038671787230241964
-1
0.0381891200726636
0.038330805173759294
-1
-1
0.03744739493586987
-1
-1
-1
-1
-1
0.03729601443581315
0.03675840711900605
-1
-1
-1
-1
-1
-1
-1
-1
-1
-1
0.035331325009145445
-1
-1
-1
-1
-1
-1
-1
-1
-1
-1
-1
-1
-1
-1
-1
-1
0.03376426220963441
-1
-1
-1
-1
-1
-1
-1
-1
-1
-1
0.032976358642905566
-1
0.03224457226086072
0.032429413810820026
-1
-1
-1
-1
-1
-1
-1
-1
-1
-1
-1
0.03190612115061846
-1
-1
0.03125984105941052
-1
-1
0.030938495945009553
-1
-1
-1
-1
-1
0.029863731134602955
-1
-1
-1
-1
0.029720802138291716
-1
-1
-1
-1
0.029000140413194257
-1
-1
-1
-1
-1
-1
-1
-1
-1
-1
-1
-1
-1
-1
-1
-1
-1
-1
-1
-1
0.027412706600749955
-1
-1
-1
-1
-1
-1
-1
-1
0.027472599509447942
0.026650316175473095
0.025332062707438492
-1
-1
-1
-1
-1
-1
-1
-1
0.025540818357160672
-1
-1
-1
-1
-1
-1
0.024383626577680204
-1
-1
-1
-1
-1
-1
-1
-1
-1
-1
0.024470888186933656
-1
-1
-1
0.02358036428178329
-1
-1
-1
-1
0.023221505954541873
-1
0.02206940977742232
-1
-1
0.022641343876015987
-1
-1
-1
-1
-1
-1
-1
-1
-1
-1
-1
-1
-1
-1
-1
-1
-1
-1
0.02199706051482663
-1
-1
-1
-1
-1
-1
-1
0.02107465230727912
-1
-1
-1
-1
0.020457588040265914
-1
-1
-1
-1
-1
-1
0.020086982564864752
-1
-1
0.019472113085407045
-1
-1
-1
0.01891786007154653
-1
-1
0.018846004254828193
-1
0.018451550973843097
-1
-1
-1
0.018079740531710596
-1
-1
0.01726682106184857
-1
0.01721508928890392
-1
-1
-1
-1
-1
-1
0.016885788962564756
-1
-1
-1
-1
-1
-1
-1
-1
-1
-1
-1
-1
-1
-1
-1
-1
-1
0.01634020292451965
-1
0.015716155007673434
-1
-1
-1
0.015599263534589387
-1
-1
-1
-1
-1
0.01537034364792922
-1
-1
-1
-1
-1
-1
-1
0.01522673944674848
-1
-1
-1
-1
0.014393618152888548
-1
-1
-1
-1
0.014038754260974893
-1
-1
-1
-1
-1
-1
-1
0.013880272129702467
0.013729829162103423
-1
