-1
-1
-1
-1
-1
-1
-1
0.03720802035680046
0.03688088063929484
-1
-1
-1
0.03572376308873559
0.035327717819502134
-1
-1
-1
-1
-1
-1
-1
-1
-1
-1
-1
-1
0.03139773772405437
-1
-1
-1
0.030087804193760944
-1
-1
0.029405006653716044
-1
-1
-1
-1
0.028469599884763476
-1
-1
-1
-1
0.02757364244244861
-1
-1
-1
-1
0.02681331676560025
-1
-1
-1
-1
-1
-1
0.025686457235206586
-1
-1
-1
-1
-1
-1
-1
-1
-1
-1
-1
-1
0.024724591589094107
-1
0.024346333066522324
-1
-1
-1
-1
-1
-1
-1
-1
-1
-1
0.023341924657749587
-1
-1
0.022985186354639548
-1
-1
-1
-1
-1
-1
0.022420554677545272
-1
-1
0.022115468018000912
-1
-1
-1
0.022059860067343534
0.021708219117421646
