-1
-1
-1
-1
-1
-1
-1
-1
-1
-1
-1
-1
-1
-1
-1
-1
0.0750308723716469
-1
-1
-1
-1
-1
-1
-1
-1
-1
-1
-1
-1
-1
-1
-1
-1
-1
-1
0.07117293998078034
-1
0.07014903210815572
-1
0.06903227031369866
0.06840456015580185
-1
-1
-1
-1
-1
-1
0.06320467150850452
-1
-1
-1
-1
-1
-1
-1
-1
-1
-1
-1
-1
-1
-1
-1
-1
0.05902979340586629
-1
-1
-1
-1
-1
-1
-1
-1
-1
-1
-1
-1
-1
0.05404302256924289
-1
-1
-1
0.052918084518059155
-1
-1
-1
0.052364186251358
-1
-1
-1
-1
-1
-1
-1
0.05065070515746003
-1
-1
-1
-1
0.04981410014323699
0.049529122861671
0.04930545316709505
0.04889399710790817
-1
-1
-1
-1
-1
-1
0.04828107929452038
0.04791928376906958
-1
-1
0.047367216323639126
0.04725813343252613
-1
-1
-1
-1
-1
-1
-1
-1
-1
-1
-1
-1
-1
0.04508173071143233
-1
-1
-1
-1
0.04471092802105528
0.04403042790495155
0.04393204495067641
-1
0.04364909225410515
-1
-1
-1
-1
0.04339791302914386
-1
-1
-1
0.04262739139281231
-1
-1
0.0417052016947375
-1
-1
-1
-1
-1
-1
-1
0.04101996024449667
-1
-1
-1
-1
0.040046406598080016
0.040457334635141014
0.04013202890649542
-1
-1
-1
-1
-1
-1
-1
-1
-1
0.03920312905922914
-1
-1
-1
-1
-1
-1
-1
-1
-1
-1
-1
-1
0.037287646129136875
-1
-1
-1
-1
-1
-1
-1
-1
-1
-1
-1
0.03600302317759374
-1
-1
0.035558445498104135
-1
-1
-1
0.03534492476558908
-1
-1
-1
-1
0.035079280090776634
-1
-1
-1
0.034256706621263414
-1
-1
0.03331015501822625
-1
0.03314863904650673
-1
-1
-1
-1
-1
0.03287440323051595
-1
-1
0.032144353342500875
-1
-1
0.03170344229344721
-1
-1
-1
-1
-1
-1
0.03160598014062379
0.031157964787561023
-1
-1
-1
0.03083209784436615
-1
-1
-1
-1
-1
-1
-1
-1
-1
-1
0.029856146465648305
-1
-1
-1
-1
-1
-1
-1
-1
-1
-1
0.028941150478549768
-1
-1
-1
-1
-1
-1
-1
-1
-1
-1
0.028464930263154713
-1
-1
-1
-1
-1
-1
-1
0.027829375328161775
0.02698124647140503
-1
-1
-1
-1
-1
-1
-1
-1
0.026865476460167854
-1
-1
-1
0.02583597330224542
-1
-1
-1
-1
-1
-1
0.025704935206955683
-1
-1
-1
-1
-1
-1
-1
-1
-1
-1
-1
-1
-1
-1
0.0240776843541152
-1
-1
-1
-1
-1
-1
-1
-1
-1
-1
0.022922611486661682
-1
-1
-1
-1
-1
-1
-1
-1
-1
-1
-1
0.02317106777971441
-1
-1
-1
0.022120422079707637
-1
-1
0.021735089690813093
-1
-1
-1
-1
-1
-1
-1
0.021722615960038903
-1
-1
0.02075138595693317
-1
-1
-1
-1
-1
-1
0.020550015402006936
-1
-1
0.020308201841680043
-1
-1
-1
-1
0.019308097344456297
-1
-1
-1
-1
-1
-1
-1
-1
-1
0.019554708012334117
-1
-1
0.018834822987898802
-1
-1
-1
-1
0.01882784589951411
-1
-1
-1
0.01803917166166928
-1
-1
-1
0.01750812383763718
0.017240112003954974
-1
-1
-1
-1
-1
-1
-1
0.01662786992349269
-1
-1
0.0164726718947604
-1
-1
-1
-1
-1
-1
-1
-1
-1
-1
-1
-1
-1
-1
-1
-1
-1
0.016673295215501652
-1
-1
-1
-1
-1
-1
-1
0.01641044272131575
0.015019192826219928
-1
-1
-1
-1
-1
-1
-1
-1
-1
-1
0.01532100857884595
-1
-1
-1
-1
-1
0.014770834812230165
0.014593514855647142
-1
-1
-1
-1
-1
-1
-1
0.014370274967524832
-1
-1
-1
0.013631928081695851
-1
0.013456798937944544
-1
-1
-1
-1
-1
-1
-1
-1
-1
-1
0.01362877587737876
0.012470771120057934
-1
-1
-1
-1
-1
0.013438929041678255
-1
-1
-1
-1
-1
-1
0.013587910866056567
