-1
-1
-1
0.03769538218272481
-1
-1
-1
0.03215197963991027
-1
-1
-1
0.031233319049872064
-1
-1
-1
0.030505797194973858
-1
-1
-1
-1
0.02869802627010622
-1
-1
-1
-1
-1
-1
0.02742897565814032
-1
-1
-1
0.026498776011996798
-1
-1
-1
-1
0.02516829345537269
-1
-1
-1
0.0247278758869079
0.02438346590972753
-1
-1
-1
-1
-1
-1
-1
0.023615429539611373
-1
-1
-1
-1
0.02306623493415722
-1
-1
-1
-1
-1
0.02265429813504795
-1
-1
-1
0.022172340563529933
-1
-1
-1
-1
0.02182625152062679
-1
-1
-1
-1
0.02148938225087336
-1
-1
-1
-1
0.021228615903624015
0.021101404186608136
0.020984085890405995
-1
-1
-1
-1
-1
-1
-1
-1
-1
-1
-1
0.020380199329864575
0.020228350104917074
-1
-1
-1
-1
-1
