-1
-1
0.07445201351867979
-1
-1
0.07444471980801862
-1
-1
-1
0.07443181365283567
-1
-1
-1
0.07442260191808292
-1
-1
-1
0.07440478256092736
-1
-1
-1
0.07436260358611149
-1
-1
-1
0.07429484704240638
-1
-1
0.07414926996278526
-1
-1
-1
0.07364768768424418
-1
-1
-1
0.07068737822385569
-1
-1
-1
0.06940633111925268
-1
-1
-1
0.06827045406275127
-1
-1
-1
0.06718294128256651
0.0666954073146801
-1
-1
-1
-1
-1
-1
0.06381181466638745
0.06349453748162112
-1
-1
-1
-1
-1
-1
0.06086873954801417
0.059955938241968106
-1
-1
-1
-1
-1
0.05801187824847093
-1
-1
-1
0.05724646274130143
0.05688436144026951
0.05674066502063429
-1
-1
-1
-1
-1
-1
-1
-1
-1
0.055216395499101324
0.05494195774419983
0.05469672335914118
0.05460524695429636
0.054249455501784144
-1
-1
-1
-1
-1
-1
-1
-1
-1
-1
-1
-1
-1
0.05265517365280075
0.052578064992060115
0.052729356585450436
0.05204018556063448
0.0518435963943823
-1
-1
-1
-1
-1
-1
-1
-1
-1
-1
-1
-1
-1
-1
-1
0.04989463215443625
0.049600042217406465
0.04931558708646404
0.04905131331723721
0.04859579973552951
-1
-1
-1
-1
-1
-1
-1
-1
-1
-1
-1
-1
-1
-1
-1
0.046641172935713585
0.046503871471727666
0.04606767442095932
0.046361287138355314
0.045856125319181984
0.04569075232121482
0.04532188790947643
-1
-1
-1
-1
-1
-1
-1
-1
-1
-1
-1
-1
-1
-1
-1
-1
-1
-1
-1
-1
-1
0.04328008780431984
0.043576048351638946
0.043169206707038686
0.042258544733275234
0.04203174914886702
0.04204082548321776
-1
-1
-1
-1
-1
-1
-1
-1
-1
-1
-1
-1
-1
-1
-1
-1
-1
0.040929835382385635
0.040914399499323836
0.04045984774679687
0.03998538845807166
0.03957638005119058
0.03961292632776706
0.03936971692896601
0.03911672593349248
0.039037050981426714
-1
-1
-1
-1
-1
-1
-1
-1
-1
-1
-1
-1
-1
-1
-1
-1
-1
-1
-1
-1
-1
-1
-1
-1
-1
-1
0.037187235598540425
0.037219177104940465
0.037009066343307494
0.03656161418601648
0.03654853323502327
0.03611153453143675
0.03563836041967667
0.035455727162052746
0.03531579858628078
0.0349625794003852
0.034760818256074515
0.034917696554269365
0.03448754522337842
0.033841411035452316
-1
-1
-1
-1
-1
-1
-1
-1
-1
-1
-1
-1
-1
-1
-1
-1
-1
-1
-1
-1
-1
-1
-1
-1
-1
-1
-1
-1
-1
-1
-1
-1
-1
-1
-1
-1
-1
-1
-1
-1
0.03216182328575286
0.031945045107039646
0.031308192503986074
0.031608798951651924
0.030841100215911865
0.03070478817420219
0.03006918366572157
0.029761440481119488
0.029503632570380592
0.029352510168184687
0.028972434908596436
0.028819507775615105
0.0286184991325312
0.02857298834703455
0.02786724597067382
0.027598505915693974
0.027537953868434203
0.026429840284793532
-1
-1
-1
-1
-1
-1
-1
-1
-1
-1
-1
-1
-1
-1
-1
-1
-1
-1
-1
-1
-1
-1
-1
-1
-1
-1
-1
-1
-1
-1
-1
-1
-1
-1
-1
-1
-1
-1
-1
-1
-1
-1
-1
-1
-1
-1
-1
-1
-1
-1
-1
-1
-1
0.026461588832276377
0.02553448971379456
0.025371802668666368
0.024867020495495395
0.024005889143813307
0.02374239087994419
0.02368320188860395
0.022958274252379122
0.02272488204994012
0.022376017872966936
0.02191979899186993
0.021133604230572336
0.02056609270584524
0.020425170200381114
0.020143852709092903
0.02028241074500392
0.019807399275587566
0.019214643041292827
0.019039905278836908
0.018676433549146748
0.01889143033481356
0.018874917412871745
0.017802511355770167
-1
-1
-1
-1
-1
-1
-1
-1
-1
-1
-1
-1
-1
-1
-1
-1
-1
-1
-1
-1
-1
-1
-1
-1
-1
-1
-1
-1
-1
-1
-1
-1
-1
-1
-1
-1
-1
-1
-1
-1
-1
-1
-1
-1
-1
-1
-1
-1
-1
-1
-1
-1
-1
-1
-1
-1
-1
-1
-1
-1
-1
-1
-1
-1
-1
-1
0.019604740517946025
0.018534353112255163
0.018114184628968216
0.01718684276426906
0.01702119425606372
0.016285882955092694
0.015524946190231474
0.015486930979795716
0.01497835922819465
0.014519820384570021
0.014535051991986993
0.014225428247481436
0.013828739972405173
0.013101873480117142
0.012550805994675526
0.012972317083706312
0.012856797332787396
0.012818720184303635
0.011924335049159492
0.012299180976045666
0.011606958421382738
0.011000833764153332
-1
-1
-1
-1
-1
-1
-1
-1
-1
-1
-1
-1
-1
-1
-1
-1
-1
-1
-1
-1
-1
-1
-1
-1
-1
-1
-1
-1
-1
-1
-1
-1
-1
