0.0720621149023096
-1
0.0714388130428074
0.07039568181280846
0.06859480903579757
-1
0.06546188253503699
0.06375820777275702
-1
0.061676503990318154
-1
0.06115935449000005
-1
0.059785314563747416
0.05922744545665059
-1
0.058802720216604376
0.05832785845517398
0.05749297830370161
-1
0.057101034355925756
0.056320089488834525
-1
0.05622071922123135
0.05547931389613347
0.05566407848190475
-1
0.056071481671366656
0.055211530841671144
0.05458713506723379
0.05508944004565686
-1
-1
0.05410598755835534
0.05420411142793211
0.053198281010904985
-1
0.0532698944255665
0.05357190185969883
-1
0.05313198883216698
-1
0.05219841079635696
0.05244581313519092
0.052092793699982876
0.05138788597209827
-1
0.051443889162519
0.05111260897629744
0.0508091457597502
-1
0.0506434140743671
-1
0.050277189274767896
-1
0.05026372596100494
0.04977627596059641
0.04983398597557228
0.04954875515891122
0.049050869451059805
-1
0.04954893662855699
0.04876498806845772
-1
-1
0.049096118534480655
0.048241352868246865
0.04823798187724598
-1
-1
0.04782779038131059
0.04767265884311764
0.04744007792268004
0.046821709231777746
-1
-1
0.046925433603795495
0.046331469424359215
0.046238483272708734
0.046183087442304704
0.04582444028063611
0.046092239721909865
-1
-1
0.04517144913916345
0.045146884784831864
0.044892817300992774
0.04464921005717762
-1
0.04500287565198931
0.04416976777704565
0.044451613323790926
0.04383103718886247
0.04378728566469846
-1
0.04367616924491677
-1
-1
0.04331279779885794
0.04314109659814216
-1
0.04277129035134177
0.04220308325031063
-1
0.0419266026932281
0.04194949821277812
-1
0.04177295498319201
-1
0.04105920125911762
0.04138437043894064
-1
-1
0.041349921609971904
0.04054161232787293
-1
0.040779193071694995
0.04046125520359386
0.0404754721677744
-1
0.04040051272341779
0.039705638321010504
-1
0.0399756153861245
-1
0.03992377825669356
0.039459617630942356
0.03943861747955109
0.038827459366766966
0.0388347003962491
0.0385269407268528
-1
0.03853494181380524
0.03854768397686603
-1
0.038290499045060475
-1
0.03826583639367834
-1
0.03830814608088978
0.038136636353396515
0.037885049113503225
-1
0.03744142820070555
0.03725940254661111
0.03724710188664637
-1
0.03707239297958283
0.03713045145248199
0.03691097075169856
-1
0.036645558092382166
-1
0.036417590607177246
0.036475821975227835
-1
0.036168653159946586
0.036130430350651395
-1
0.036150618449791325
0.03561585154328551
-1
0.035930798699210335
0.035424241676673546
-1
0.035797010077820435
-1
0.0354587501936502
0.03528321239498112
-1
0.03530908583642005
-1
0.03506775651421104
-1
0.035069838401440026
-1
0.03464615598663345
0.03428671057526762
-1
0.03489596922319014
-1
0.03423735710767123
-1
0.034399119623891125
0.03388497599593171
-1
0.033699050221171645
0.0338545040531711
0.03332861803628348
0.03341636115854437
-1
0.033305786527715604
-1
0.03333431919376095
-1
0.03326917967715344
0.03326706504011964
0.033066938777308125
-1
0.03272845372334346
-1
0.03304984549304227
-1
0.03260083256901561
-1
0.03286811413464846
0.0320666925652282
-1
0.03189568249257532
-1
0.03251104560884443
0.031931514232665985
0.03186236098334268
0.03185383862072414
0.031680636448817294
0.0312875546894588
0.03111766909028624
-1
-1
0.03132382656310822
-1
-1
0.03162434385730313
0.03101177313825586
-1
0.031179203943058207
0.030847387267397594
0.030398191498233366
-1
0.030581186618004647
0.0303388095164037
0.02981890124398154
-1
0.02997206687689066
0.02994821751629794
-1
0.02993967047223559
0.029729306388210943
0.029650303557678895
-1
0.029626401565172572
-1
0.02984951179582518
-1
0.02954230833720494
-1
0.029196218772606176
0.028860043741010883
-1
0.028903215629356604
-1
0.028742885452645882
-1
0.028905637269015315
-1
0.028559981436877102
-1
0.028789335965633867
-1
0.028441030251515377
-1
0.028541451722353728
-1
0.028088594685782207
0.027492866393450374
-1
0.027645777762829362
-1
0.027746944565634868
-1
0.02792007782897511
0.027380122242869436
-1
0.027538176677324677
0.026768236319263734
-1
0.026764801844254837
-1
0.027177862675635368
0.026867714756494993
-1
0.026895675893787382
-1
-1
0.02642307977576356
-1
0.02653609708353475
-1
0.026494126702164795
0.026200404718562918
-1
0.025894573738763145
-1
0.02576991794528542
-1
0.025997832372829273
-1
0.025872660957492674
0.025358958540858328
-1
0.02552338374720944
-1
0.02505575951698658
-1
0.02512346551968501
-1
0.025202464411308717
0.024452890126736133
0.02448629577617188
-1
0.024480828309392598
-1
0.024688735089221082
0.023846691126351828
0.024332792966158596
0.02406693759200337
0.023463671080596916
-1
0.023610969684221647
-1
0.023274343452610813
-1
0.023797405632463964
0.023411689336959654
0.023113247254988055
0.02315289801829583
0.0230828490320381
-1
0.02249434227412278
-1
0.022662781716345788
0.022557284924891088
-1
0.022107885088715758
-1
0.021974515938735034
-1
0.02215519985118946
-1
0.02164902721013461
-1
-1
0.021765698441913676
0.02127314403608486
-1
0.02207575840549869
0.021375100512604613
-1
0.021494378686903955
0.02107270609189223
-1
0.021189594219674122
0.020467906961074242
-1
0.020725026759472524
0.020585973090403803
-1
0.020110701627426453
-1
-1
0.02051490584572593
-1
0.020294790837790937
-1
0.02016715285006341
0.020153357968344675
0.0195194686685766
-1
0.019551326362760395
-1
0.019847646218675238
-1
0.0195567881668007
0.019516693390570914
0.01850395027871851
-1
0.018522139761474106
-1
0.018615739690614388
-1
0.019086051312508758
-1
0.01878921631779466
-1
0.01812108352884546
-1
0.01834352610411344
-1
0.01859807045041741
-1
0.01802392210978847
-1
0.018360416009858417
0.01775193075974147
-1
0.01767915598638765
0.017300075697493957
-1
0.017161794813660595
-1
0.01746481675040591
0.016429440604223237
-1
0.016631577256973926
-1
0.01668866572233585
-1
0.01663997870508012
-1
0.016424133353955025
-1
0.016535786794615794
-1
0.016312634941938516
-1
0.016385301827014864
0.01574500460962911
-1
0.01584502353921875
-1
0.01598973475493394
-1
0.01583827168129005
-1
0.015616905505394008
0.0152313099055738
-1
0.01494272725282611
-1
0.014947080714897915
0.01486917852343141
-1
0.015121943894382957
-1
0.015076008485955793
-1
0.014227890201679597
-1
0.014272108778997615
-1
0.01460034100861697
-1
0.013878377377391457
-1
0.013854497141175932
-1
0.014222602293148385
-1
0.013739769829141272
-1
0.013511401711108087
-1
0.013809144635360081
0.013607342310108385
0.01319657113704529
-1
0.012766862828861346
-1
0.013325073527587163
0.012923762986025253
-1
0.012946575163648678
-1
0.012481373607308477
-1
0.012502531016563678
-1
0.012116351692409781
-1
0.012128804618870462
-1
0.01238877597031417
-1
0.012490303022461338
-1
0.012251378201342726
-1
0.01214401735389209
-1
0.011992664003631213
0.01186783190418433
-1
0.011301570821490203
-1
0.011233080610201195
-1
0.01124013336459091
-1
0.011825297713339268
-1
0.011195015385151505
-1
0.010374196436438526
-1
0.011293165171360756
-1
0.010680687799677624
-1
0.011175204702205474
-1
