-1
0.040393753811321424
-1
-1
-1
0.03465071927129695
-1
-1
-1
0.03522143696261718
0.034854768704524086
-1
-1
-1
-1
-1
-1
0.03085810832217731
0.03005642342356454
-1
-1
-1
-1
-1
0.027987224760308727
-1
-1
-1
-1
0.027369126229159598
0.026749787604914303
-1
-1
-1
-1
-1
-1
0.025456405688176115
0.025822504510921714
-1
-1
-1
-1
-1
-1
0.024550418938155724
0.02388641290960059
-1
-1
-1
-1
-1
-1
0.02344670211319375
0.022600316658484196
-1
-1
-1
-1
-1
-1
-1
0.022394674014201206
0.021382340103124096
-1
-1
-1
-1
-1
-1
0.020782789614348287
-1
-1
-1
0.0205412365957699
-1
-1
-1
0.020177614266893504
0.02021102298677495
-1
-1
-1
-1
-1
-1
0.020501376530237956
-1
-1
-1
0.019502833947143722
-1
-1
-1
0.019023166596889497
-1
-1
-1
0.018841813425574682
-1
