-1
-1
-1
-1
0.07193259516587625
-1
-1
0.07192446818718544
-1
-1
0.07191523451071519
-1
-1
-1
-1
0.07190593515451138
-1
-1
-1
0.07189037203788758
-1
0.07187425941228867
-1
0.07186229733320383
-1
0.07184615570765275
-1
0.07181191111986454
-1
-1
-1
-1
-1
0.07167791873216629
-1
-1
-1
-1
-1
0.07109119823345772
-1
0.07065839962317394
-1
0.07016644798792325
-1
0.06975419693268262
-1
-1
-1
-1
-1
-1
-1
-1
-1
-1
0.06645023180888249
-1
-1
-1
-1
0.06418196868437988
-1
-1
-1
-1
0.06305802699465018
-1
-1
0.06262171600873653
-1
0.062417855056432575
-1
-1
0.06203793860398806
-1
-1
-1
-1
-1
-1
-1
-1
0.06064822776959493
-1
-1
0.0598863097337576
-1
-1
-1
-1
-1
0.05842400124439827
-1
0.05761285796761513
-1
-1
-1
0.0568084037074676
-1
-1
-1
0.055484671948047785
-1
-1
-1
0.05430038026892222
-1
-1
-1
0.05367221465477577
-1
0.05351986988232686
-1
-1
0.05286119551612781
-1
0.0527086694080096
-1
0.05225409653324347
-1
-1
0.0517510644518412
-1
-1
-1
-1
-1
-1
-1
-1
0.05041089522150847
-1
-1
0.049808478699280664
-1
0.049673537164926534
-1
-1
-1
-1
0.0486575488287669
-1
-1
-1
0.04842325741281876
-1
-1
-1
-1
-1
-1
0.047125756855194385
-1
-1
0.04680572410042469
-1
-1
0.04669323454682643
-1
-1
0.04597170358667007
-1
0.04554308664340239
-1
0.04539042281416746
-1
-1
-1
-1
-1
-1
0.044536717637227136
-1
-1
-1
0.04408619839411516
-1
-1
-1
0.04325136960699008
-1
-1
-1
-1
-1
0.04261876482229966
-1
-1
-1
-1
0.042004069743248135
-1
-1
0.04147109228831071
-1
-1
0.0414322388286774
-1
-1
-1
-1
0.04082918720176587
-1
0.04076873594178603
-1
-1
0.04014499416718116
-1
-1
-1
-1
0.039802272933033796
-1
-1
-1
-1
0.039420403024325
-1
-1
-1
0.03930384903573073
-1
-1
-1
-1
-1
0.03826739914142168
-1
-1
0.03842294336511538
-1
-1
-1
0.03762118830703772
-1
0.03760252417280124
-1
0.037495495894780524
-1
-1
-1
0.036502878883710274
-1
0.03658026700409559
-1
-1
-1
-1
0.03621983998096907
-1
0.03515708088301695
-1
-1
-1
0.035554524052601594
-1
-1
-1
0.035140883464079634
-1
-1
-1
-1
0.03502449843172844
-1
-1
0.034178433252068666
-1
0.034115565854769485
-1
-1
-1
0.03363871966990141
-1
0.03326649410793415
-1
0.0332465692781485
-1
-1
-1
0.032828897008529076
-1
0.03240666847962599
-1
0.032770848876008625
-1
0.03222247264706171
-1
-1
0.0319195448492582
-1
-1
0.03204766924564655
-1
-1
0.031913255498959466
-1
-1
0.031548033368128996
-1
0.030496480373235848
-1
-1
-1
-1
-1
-1
0.03108583794763455
-1
-1
-1
-1
0.029971859518152014
-1
-1
0.029339352536659976
-1
0.029476738090698538
-1
-1
-1
0.02913209847532786
-1
0.02897489431958932
-1
0.028545779004119913
-1
-1
0.02777774783854301
0.02781524509191513
-1
-1
-1
-1
-1
-1
0.026994141520789036
-1
-1
-1
-1
-1
-1
-1
-1
0.027993376753651177
-1
-1
0.027043010810246834
0.026498835576841465
-1
-1
-1
0.026493855436834007
-1
-1
0.02591355357032556
-1
-1
0.025482009938703136
-1
0.02508373958273576
-1
0.025574188837065144
0.024818550924269052
-1
0.024207271363299625
0.02388934462975997
0.024157298213014235
-1
-1
-1
-1
-1
-1
0.023205708855619796
-1
0.023178714270202013
-1
-1
-1
-1
-1
-1
-1
-1
-1
-1
-1
-1
-1
0.02401948281778739
-1
-1
0.02281829574360297
0.021827231519497357
-1
0.022502003552821965
-1
-1
0.022163122462538574
-1
-1
0.022090482919548567
-1
0.02108275586595902
-1
-1
-1
-1
-1
0.020917747964939247
0.020128180831670762
-1
0.019639086988396372
-1
-1
-1
-1
0.020750977779523685
0.019042146879319963
-1
0.019658416165755345
-1
0.019655232396549906
0.018407935090363026
0.018075329810380937
0.017778262918671735
-1
0.01836968856648757
-1
0.018148325362171116
0.01708869794383645
0.01693033679889945
0.015900069174285117
-1
-1
0.016714275979365294
-1
-1
-1
-1
-1
-1
-1
-1
-1
0.01679700918209094
-1
-1
-1
-1
-1
-1
-1
-1
0.0166848317003594
-1
-1
-1
0.017096708249300718
0.015884120124750413
0.016292161078980336
0.016162348818033932
-1
-1
0.015722527376447734
-1
-1
-1
0.01516360635511004
-1
-1
-1
0.015034369472414256
0.014682578152188886
0.01465732747545609
-1
-1
-1
0.013984647117411863
-1
-1
-1
0.014186585680223428
-1
-1
-1
-1
0.014598229319716875
0.01394070481451658
0.013155218690203934
-1
-1
-1
-1
0.013124548715467636
-1
-1
