0.03734061688431038
-1
-1
0.03160606706437986
-1
-1
-1
0.027067546410994094
-1
-1
-1
-1
0.025912018206493914
-1
0.025388946612019184
-1
-1
0.024702626466751098
-1
-1
-1
0.023520994580481663
-1
-1
0.022405911378624025
-1
-1
-1
-1
0.02097746353011486
-1
-1
0.020044159519770916
-1
-1
0.019430369261867742
-1
-1
-1
-1
0.018794221301709328
-1
0.018540735727499338
-1
-1
-1
0.017941939732259955
-1
-1
0.017418512825138312
-1
-1
-1
-1
0.01727210344854465
-1
-1
0.016959810675668322
-1
-1
-1
0.016488351555895214
-1
-1
0.016098950470774625
-1
-1
0.01585095692272029
-1
-1
-1
-1
-1
0.01522402849571764
-1
-1
0.015140804796179465
-1
0.014677818920001511
-1
-1
-1
0.01463397706835723
-1
-1
0.014373337286562959
-1
-1
0.013961064101250704
-1
-1
-1
0.013764229958707637
-1
-1
-1
0.013550581099573245
-1
-1
-1
