0.0764175249827848
-1
-1
0.07640740366892201
-1
-1
0.07640879144312435
-1
0.07639264150279192
-1
-1
0.07638665383287485
-1
0.07638284526919922
-1
-1
-1
0.07635350039391103
0.0763402364066033
-1
-1
-1
0.07629999283438402
-1
-1
-1
0.0761837344941262
0.07613698981114937
-1
-1
-1
0.07565585270956839
0.07543565811457971
-1
-1
0.07345767832395941
0.07242094189299587
-1
-1
-1
0.07074599721125052
0.07053538823028818
-1
-1
-1
-1
0.06925787025467489
0.06899008444236027
-1
-1
-1
-1
0.06671965562456376
0.06620293331344099
0.06613296354460024
0.06580094425510075
-1
-1
-1
-1
-1
-1
0.06438229548980587
0.06386527253384412
0.06386845675741488
-1
-1
-1
-1
-1
-1
0.060001684521243784
0.05992346997082976
0.0594008557034726
0.05928237166147509
0.05841076082213786
-1
-1
-1
-1
-1
-1
-1
0.056727635662585374
0.056291074228484596
0.055895520097487196
0.0563024594081388
0.05562334201642587
0.05521787647389772
-1
-1
-1
-1
-1
-1
-1
-1
-1
-1
0.054031539977338804
0.05385960800519128
0.05360841113007415
0.05339486119163482
0.05308171204016911
0.05286467184169659
0.05283950629076028
0.05245642558173025
0.052467538459667035
-1
-1
-1
-1
-1
-1
-1
-1
-1
-1
-1
-1
-1
-1
-1
-1
0.05105477949890359
0.050949483912020796
0.05068107781568504
0.05039798295844145
0.0501515673403918
0.0498005817539959
-1
-1
-1
-1
-1
-1
-1
-1
-1
-1
-1
0.04858668439121167
0.04816508011204573
0.047857669948047625
0.04785416405725281
0.04780204118040093
0.04709712587204217
0.04712875703063743
0.04696188747140877
0.04632876213655432
0.04616022853188495
0.046187794183794394
0.04611514913095973
0.04574121297395081
-1
-1
-1
-1
-1
-1
-1
-1
-1
-1
-1
-1
-1
-1
-1
-1
-1
-1
-1
-1
-1
-1
0.0432578592255897
0.04296465184678675
0.042487185599892965
0.04269188628899111
0.04191092570540321
0.04134686072955983
0.041596506554556094
0.040934109650706846
0.04090001340105326
0.0407337539114398
-1
-1
-1
-1
-1
-1
-1
-1
-1
-1
-1
-1
-1
-1
-1
-1
-1
0.039590371199168604
0.03947617703453633
0.03911659761459501
0.03897472991611948
-1
-1
-1
-1
-1
-1
-1
0.03813307930819721
0.037814136276106615
0.037425442268739596
0.03694523363316207
0.03666073723823698
0.03684122771395688
0.036498662980883945
0.03621899161596021
0.03549856805702462
0.035516304865912285
-1
-1
-1
-1
-1
-1
-1
-1
-1
-1
-1
-1
-1
-1
-1
-1
0.0348965166453504
0.03465387289454828
0.03416983038187027
0.03350247883264949
0.033099071887086044
0.03314882692150555
0.03286340927929304
0.032471005930816484
0.03245832529150846
0.0321322646656719
0.03168250704300107
-1
-1
-1
-1
-1
-1
-1
-1
-1
-1
-1
-1
-1
-1
-1
-1
-1
-1
-1
-1
0.03136606107299753
0.03150534268963263
0.02979712342820227
0.029623749952655116
0.02959315023883497
0.029191354897136014
0.029286412063104977
0.02887064852438774
0.02857462486630901
0.02863532510195778
0.027469043022493107
-1
-1
-1
-1
-1
-1
-1
-1
-1
-1
-1
-1
-1
-1
-1
-1
-1
-1
-1
0.02753021873811963
0.026958888620756474
0.02693754638317215
0.026240997892491427
0.025167664452707125
-1
-1
-1
-1
-1
-1
-1
-1
-1
0.025372380674410902
0.024266216455267053
0.024237072082908817
0.024087893667619258
0.023860904819784198
0.023063077090145767
0.022601257108491982
-1
-1
-1
-1
-1
-1
-1
-1
-1
-1
-1
-1
-1
0.02354545494410136
0.02226916533987583
0.021851220983563617
0.021589589567228968
0.020977702510496795
0.021321574773222086
0.020505535866895158
0.019007299467148374
-1
-1
-1
-1
-1
-1
-1
-1
-1
-1
-1
-1
0.02098336441778574
0.01908728059273043
0.018779711097216087
-1
-1
-1
-1
-1
0.019723968030073338
0.01797177962735643
-1
-1
-1
-1
-1
0.018367394692886667
0.01776178623974725
-1
-1
0.018273228203740863
0.016938659265208447
-1
-1
-1
-1
-1
0.01667364206709957
0.01692560518554632
0.016239988584944756
-1
-1
-1
0.016180565044345698
0.015235720511479497
-1
-1
-1
-1
0.015302385148858937
-1
-1
0.015277794351669887
0.014916124674820059
0.015585843499404397
0.013734891706753011
-1
-1
-1
-1
-1
-1
-1
0.01482345575937244
-1
-1
0.014324754572964246
0.014423866154185469
-1
-1
-1
0.014192939703874443
0.012714614592991572
-1
-1
-1
0.012580951319763986
-1
0.012582832440580298
-1
-1
0.012703602800543778
-1
-1
0.012449319143460763
-1
-1
0.012474826694643937
-1
0.011252153989410532
-1
-1
0.011420535021297308
-1
0.011296210442940198
-1
-1
0.011011936149030491
-1
0.01068539629208264
-1
-1
-1
0.01168929219474877
-1
0.010762159181866241
-1
0.009768681670907407
-1
-1
0.010228802139157838
-1
-1
0.010638419373532857
-1
0.009124821000256675
-1
-1
0.00956233088115493
-1
-1
0.00971635769264332
-1
-1
-1
0.009287449350402809
-1
0.009150010399427169
-1
-1
-1
0.009185249178382449
-1
-1
0.00881514019645964
-1
0.008694843906200109
-1
-1
0.008832473908452616
-1
0.00869923556157228
-1
-1
0.00809964710349061
-1
0.009281244755254506
0.01055669156579583
0.007263859803486079
-1
-1
-1
-1
-1
0.008058240282810844
-1
