0.03913075146245342
-1
-1
-1
-1
-1
-1
0.03162878229894352
-1
-1
-1
-1
-1
-1
-1
-1
-1
0.02774520391046745
-1
-1
0.026516638088635622
-1
-1
-1
-1
-1
-1
0.025605295042111637
-1
-1
0.024974408374835493
-1
-1
-1
-1
-1
-1
-1
0.024270940236267614
-1
0.02401842544007199
-1
0.023668427119439252
-1
-1
-1
-1
-1
0.023130713818922573
-1
0.02292478340378135
-1
0.02276463007210662
-1
0.022534163827036584
-1
-1
0.022348560232972894
-1
-1
-1
-1
-1
-1
0.021953112475350176
-1
-1
0.02167121238462915
-1
0.021406781826919755
-1
0.021405628592159612
-1
-1
-1
-1
-1
-1
-1
-1
-1
0.021051735453339604
0.02071989130052886
0.020519727442909207
-1
-1
-1
-1
-1
-1
-1
-1
-1
-1
-1
-1
0.020150304301102272
0.019659017723517358
-1
0.0196549249053513
