0.03770526325579771
-1
-1
0.03684848559271429
-1
-1
-1
0.03329222954425615
-1
-1
-1
0.03219414052275038
0.031997495189155505
-1
-1
-1
-1
0.03040635403898573
0.029938600432012498
-1
-1
-1
-1
-1
0.02872163059785194
-1
-1
-1
0.028021909281150583
-1
-1
-1
0.02721743657416904
0.026682342155692502
0.026587049002499925
-1
-1
-1
-1
-1
-1
-1
0.0253161626009597
0.025513140639078984
-1
-1
-1
-1
-1
-1
0.02471654469204932
0.024517694060335455
-1
-1
-1
-1
-1
-1
0.024024617844021198
0.0238673185564808
-1
-1
-1
0.023580928635351436
-1
-1
-1
-1
0.02315797717300887
0.023177858283839274
0.022987212643180925
0.02290252090729389
-1
-1
-1
-1
-1
-1
-1
-1
-1
-1
-1
0.022160849915337316
-1
-1
0.021736533420602073
0.021486698376763726
0.021393608555351336
0.0213250198069307
-1
-1
-1
-1
-1
-1
-1
-1
-1
0.020837710665673328
