-1
-1
-1
-1
-1
0.07653353811631974
-1
0.07651672638176285
-1
-1
-1
-1
-1
-1
-1
-1
-1
-1
-1
-1
-1
-1
-1
-1
0.07596265852054841
-1
0.07541145654581075
-1
-1
-1
-1
0.07404633255596965
0.07360417943307407
-1
0.07295483168371501
-1
0.07195195126163458
-1
-1
-1
0.07006587612126725
-1
-1
-1
-1
-1
0.06732135231373315
-1
-1
-1
-1
0.06598505090979938
-1
-1
-1
0.0651132302908041
-1
0.06479499149745425
0.0646125277500195
-1
-1
-1
-1
0.06368911250467575
-1
-1
-1
-1
-1
-1
-1
-1
-1
-1
0.06084575542060869
0.060989128036668186
-1
-1
-1
-1
0.05911685458308049
-1
-1
-1
-1
-1
-1
-1
-1
-1
-1
-1
-1
-1
-1
0.05608765137962122
0.055679571707867206
-1
-1
-1
0.055226263450148895
-1
-1
-1
-1
-1
-1
-1
-1
-1
-1
-1
-1
0.05293826163475899
-1
0.0522756966677579
0.05231477283849949
0.051678235144942936
-1
-1
-1
-1
0.05096760118615601
0.05042393096534746
-1
-1
-1
-1
-1
-1
-1
0.04945401643173658
-1
-1
-1
-1
-1
-1
0.04845189823543946
-1
-1
-1
0.04779368668067746
-1
-1
-1
-1
-1
-1
-1
-1
-1
-1
-1
-1
0.04720939165208398
-1
-1
-1
-1
-1
-1
-1
-1
-1
-1
-1
-1
0.04612315729293485
-1
0.04467986074096612
-1
-1
-1
-1
0.0447509350903547
-1
-1
0.044164260025827955
-1
-1
-1
-1
-1
0.04335224979996946
-1
-1
-1
-1
-1
-1
-1
0.043326887455324904
-1
-1
-1
-1
0.04290235663729074
0.042365241103584646
-1
-1
-1
-1
-1
-1
-1
0.04185644327404758
-1
-1
0.04097087309260062
0.040957857526326656
-1
-1
-1
0.040833949117597086
0.04000594785102455
-1
-1
-1
-1
-1
-1
-1
0.03928573406456315
-1
0.03933246426466035
-1
-1
-1
-1
-1
-1
-1
-1
-1
-1
0.0390128623884163
-1
-1
-1
-1
-1
-1
0.038321088396524906
-1
-1
-1
-1
-1
-1
-1
0.03744693734164777
-1
-1
-1
-1
-1
0.03650711400810208
0.03508891366141334
-1
-1
-1
0.03525819662140637
-1
0.03483835958985161
-1
-1
-1
-1
-1
-1
-1
-1
0.03392597753430682
0.032687491284241435
0.03295212275040916
0.03238595127398582
-1
-1
0.032272011167194255
-1
-1
0.03221680239140327
0.03188180782710369
0.030345716973366074
-1
-1
-1
-1
-1
-1
0.03127293963059618
-1
0.030269937463385566
-1
-1
-1
-1
-1
-1
0.028853058306182303
0.028433159614878058
-1
-1
-1
-1
-1
-1
-1
-1
-1
-1
-1
-1
-1
0.02806375133422949
-1
-1
-1
-1
-1
0.02774409950440316
-1
-1
-1
-1
-1
-1
-1
0.029512392351209723
-1
-1
-1
-1
-1
-1
-1
-1
-1
-1
-1
-1
-1
-1
-1
-1
-1
-1
-1
0.026260126644782642
0.02567740880993676
0.024844635687685857
-1
0.024888432438912783
0.024404562975046642
-1
-1
-1
-1
-1
-1
-1
-1
-1
0.023716901710252807
0.02305469682436032
-1
-1
-1
-1
0.022324923723275276
-1
-1
0.023061227018711574
-1
-1
-1
-1
-1
0.02348420898494065
-1
-1
-1
-1
-1
-1
-1
0.025260090064711686
0.02164324201858229
-1
-1
-1
-1
0.02119012813263484
-1
0.020535875724715297
-1
-1
-1
-1
-1
-1
-1
-1
0.02003579376938602
-1
-1
-1
-1
0.019775048642524592
0.021496382433334633
0.019051716931395547
-1
0.018804660110740598
-1
-1
-1
0.019191027023393804
-1
-1
-1
-1
-1
-1
-1
0.018896758396223914
-1
0.016662904036803348
-1
-1
-1
0.01724840220964272
-1
-1
-1
0.016017707832934058
0.016146256824637332
-1
-1
-1
-1
0.01834522665451444
0.01567481131212344
0.014738193576940709
-1
-1
-1
-1
-1
-1
0.01459372523003268
0.015984540369089056
-1
-1
-1
-1
-1
-1
-1
-1
-1
-1
-1
-1
-1
-1
-1
0.01517468262463808
-1
-1
-1
0.013599431801674075
0.014482827643846303
-1
-1
0.01519033948182564
0.01429897056435113
-1
-1
-1
-1
-1
-1
-1
-1
-1
0.013882811419550172
0.01355487154982571
-1
-1
0.014047101963189599
-1
0.012827035224998572
0.012421700739592909
0.01143570262226307
-1
-1
-1
-1
-1
