-1
-1
0.07337037862515917
-1
0.07336295749626907
-1
-1
0.07334672271036634
-1
-1
-1
-1
0.07332759067124012
-1
-1
-1
-1
-1
0.07330381870269775
-1
0.07328963945893681
-1
-1
-1
-1
0.07326985948226032
-1
-1
-1
-1
-1
0.07320691300373451
-1
0.07316062356911453
-1
-1
-1
-1
-1
0.0728747541997947
-1
0.07266799538743263
-1
-1
-1
-1
-1
0.07178041292171852
-1
-1
-1
0.07015274167060852
-1
-1
-1
-1
0.06883110287142735
-1
-1
-1
-1
0.06627798962826822
-1
-1
-1
-1
-1
-1
-1
-1
-1
-1
-1
-1
-1
-1
0.06232822841288997
-1
-1
-1
0.06140224413544524
-1
0.06108605774009929
-1
-1
0.060228875863785836
-1
-1
-1
-1
0.05854330086240581
-1
0.05816832471127604
-1
-1
-1
-1
-1
-1
0.056230236619126565
-1
0.056049775200731615
-1
-1
0.054945612538094615
-1
0.054766312884349445
-1
-1
0.05440605534057991
-1
-1
-1
0.053474950615097494
-1
0.05294318643270755
-1
-1
-1
-1
0.05217372681580338
-1
-1
-1
-1
0.05121916830539703
-1
-1
0.050488782221195745
-1
-1
0.05022206721352596
-1
-1
-1
-1
-1
-1
0.04900040503810434
-1
-1
-1
-1
-1
0.04818541986100813
-1
-1
0.04809833665688833
-1
0.047769805964301616
-1
-1
-1
-1
0.046827490423239915
-1
-1
-1
-1
0.04647770044850368
-1
-1
0.04636946513372309
-1
-1
0.04593905303992477
-1
-1
0.0456047372490752
-1
-1
0.045427654011576786
-1
-1
-1
0.04464789488736321
-1
-1
0.04445383881821352
-1
-1
-1
0.04403494269240136
-1
0.043804081690077684
-1
-1
-1
-1
-1
0.04276678959528605
-1
0.04274146334797728
-1
-1
-1
0.042081375507747425
-1
-1
0.04217574450315214
-1
0.04149254031625448
-1
-1
-1
0.04119930220585244
-1
-1
0.04059441390575147
-1
-1
-1
-1
-1
-1
-1
-1
-1
-1
-1
-1
-1
-1
0.039777740836143494
-1
-1
0.039764443361291694
-1
0.039222680032253265
-1
-1
-1
-1
0.03899442477553498
-1
0.03886338191873887
-1
-1
0.03837228151513081
-1
-1
-1
-1
-1
0.03744285255670547
-1
0.037655242254921034
-1
-1
-1
-1
-1
0.0368801175087106
-1
-1
0.03672867870213938
-1
-1
-1
0.03638435213589201
-1
-1
-1
-1
-1
0.035532019681790296
-1
-1
-1
-1
-1
-1
-1
0.035495228305751206
-1
-1
-1
0.03434590229801103
-1
-1
-1
-1
0.03392462569708918
-1
0.03386319162798863
-1
-1
0.03324713762484345
-1
-1
0.03368890878616595
-1
0.033139387971045924
-1
-1
0.032345135247006135
-1
-1
0.0317679831794664
-1
-1
-1
0.031301961780763145
-1
-1
0.03127885005053352
-1
-1
-1
-1
-1
0.03110067254188014
-1
-1
0.030284980027114647
-1
0.029495197008637824
-1
-1
-1
-1
-1
0.0298190176486969
-1
-1
0.02922962416036456
-1
0.02884221769431058
-1
-1
-1
0.02833019123942244
-1
-1
0.02758733821558017
-1
-1
0.0278449927621028
-1
0.02715660117420496
-1
-1
-1
-1
0.028100845466057463
-1
-1
-1
-1
0.02681945591580634
-1
-1
-1
-1
-1
-1
-1
-1
-1
0.026026026524749456
-1
-1
0.025600600885409937
-1
0.025800618047223372
-1
0.025522516156528507
-1
-1
-1
0.024776441779206782
0.025025859329045986
0.023235823666932536
0.023323546306175343
0.02319974271105785
-1
-1
-1
-1
-1
-1
-1
-1
-1
0.02343949089739837
-1
0.023037557990527622
-1
-1
-1
0.02257829451677846
-1
-1
-1
-1
-1
0.022947504517494464
0.021819982005684985
0.02151302926096262
-1
0.021465926091460624
0.02171701539088698
-1
0.020458316686106662
-1
-1
-1
-1
-1
-1
-1
-1
-1
0.02068556596105005
-1
0.01996314186675876
-1
-1
-1
-1
-1
-1
-1
-1
-1
0.02115598033164062
-1
-1
-1
-1
-1
-1
-1
0.019304697273993025
0.0197506063709072
0.019024621154747758
-1
-1
-1
-1
-1
-1
-1
-1
-1
0.018943112957126956
-1
-1
0.018028757005345588
-1
-1
-1
-1
-1
-1
0.018493047144775298
-1
-1
-1
0.018824356670180956
-1
-1
-1
0.018181146856616526
-1
-1
-1
-1
-1
-1
-1
0.018966731341446146
0.01704081533586278
0.01670130126032175
0.015643519513747272
-1
-1
0.016528206797061015
0.015725944308089275
0.015092615374163084
-1
-1
-1
-1
-1
-1
-1
-1
-1
0.016238084661902165
0.015401035470559316
0.01471768486149171
-1
0.014728780397597481
0.013912357046615845
-1
-1
0.014024634586245406
-1
-1
