-1
-1
-1
-1
-1
-1
-1
-1
-1
-1
0.07208534545813097
-1
-1
-1
-1
-1
-1
-1
-1
-1
-1
-1
0.07196092840275775
-1
-1
0.07181314952688196
-1
-1
-1
0.07128751133912362
-1
0.07080492322610261
-1
0.07028507695635426
-1
-1
-1
-1
0.06832398290868841
-1
-1
-1
0.0665603427545603
0.06611153738077322
0.06535772071855447
-1
-1
0.06365054171090691
-1
-1
0.06278921325734797
-1
0.062180982926814614
-1
-1
-1
-1
-1
0.06113027715576308
-1
-1
0.06011899050983539
0.060015353527111764
-1
-1
-1
-1
-1
-1
-1
-1
0.05704241823029998
0.05681585497504112
-1
-1
-1
-1
0.05530407530082685
-1
0.05439661386562407
0.054414347354197666
-1
-1
-1
-1
-1
-1
0.052905128732890355
-1
-1
-1
-1
-1
-1
0.05185465449988175
-1
-1
0.05132705695943811
-1
-1
-1
-1
0.050524086226819614
-1
-1
-1
-1
-1
-1
0.04983103685997743
-1
-1
-1
-1
-1
-1
-1
-1
-1
-1
0.047914264079441694
-1
-1
-1
-1
-1
-1
0.04667675020444046
-1
-1
0.04648156342090377
-1
0.046241127617940546
-1
-1
-1
-1
-1
-1
0.045028121999446176
-1
-1
-1
0.04485374915786504
0.04426033784879134
-1
-1
0.04431011463438371
-1
-1
0.04391122760388675
-1
-1
-1
-1
-1
-1
-1
-1
-1
-1
0.04251455369945074
0.041790096125080015
-1
0.04214279955665537
-1
-1
0.04162763093141902
-1
0.04157875408262214
-1
-1
-1
0.04097932878489996
-1
-1
-1
0.04034988480126298
0.040300472977444095
-1
-1
-1
-1
-1
0.03944462172403699
-1
-1
-1
-1
-1
-1
0.03889911086767312
-1
-1
-1
-1
-1
-1
-1
-1
-1
-1
-1
-1
-1
-1
-1
-1
-1
-1
-1
-1
-1
-1
-1
-1
-1
-1
0.03629310389759823
-1
0.035593780655188846
-1
-1
-1
-1
0.03485213867503258
-1
0.03464272552955337
-1
-1
-1
-1
0.03397741021725955
-1
-1
-1
0.03323353134279017
-1
-1
-1
-1
0.03266382590769654
-1
-1
0.032091996627099294
-1
-1
0.03178993242165653
0.03176051818284412
-1
-1
-1
-1
-1
-1
0.03136024573772012
-1
-1
-1
-1
-1
-1
-1
-1
-1
-1
-1
-1
-1
-1
-1
-1
0.029620552676369413
-1
-1
-1
0.028754390566141014
-1
-1
-1
-1
-1
-1
-1
0.028556921871449856
-1
-1
0.027627985642793725
-1
-1
-1
-1
-1
0.02722178317556445
-1
-1
-1
-1
-1
-1
0.026739784508476857
-1
-1
-1
-1
-1
-1
-1
-1
-1
-1
-1
-1
-1
-1
-1
-1
-1
-1
-1
-1
-1
-1
-1
0.026254070365188904
0.025101430384104683
0.024875110334464635
-1
-1
-1
-1
-1
0.02400607258681483
-1
-1
-1
-1
0.024305390884945592
-1
-1
-1
-1
0.023835685135800835
-1
-1
-1
-1
-1
0.023060746454285828
-1
-1
-1
-1
0.022755181016004593
-1
-1
0.022370145251553595
-1
-1
-1
0.022294099032212158
0.02117568834516026
0.021443526243470123
-1
-1
0.020961563072481943
-1
-1
-1
-1
-1
-1
-1
-1
-1
-1
-1
0.021245892309235778
0.020433002176967512
-1
-1
-1
-1
-1
-1
0.02022697941568874
-1
-1
-1
-1
-1
-1
-1
0.01941741526260205
-1
-1
-1
-1
0.01906206737162016
0.019078330252261237
-1
0.018298795385915428
-1
-1
-1
-1
-1
-1
-1
-1
0.018160510723222823
-1
0.017449651855216998
-1
-1
-1
-1
-1
0.017201057989858673
-1
0.01765390201169639
-1
-1
0.01648442241836181
-1
-1
-1
-1
-1
-1
-1
0.01728506849649502
0.016090440583442413
-1
-1
-1
-1
-1
-1
-1
-1
0.015941305008510615
-1
-1
-1
-1
0.015331048660096974
-1
-1
-1
-1
-1
-1
-1
0.01495250288805439
-1
-1
-1
0.015337323869101421
-1
-1
-1
-1
-1
-1
-1
-1
-1
-1
-1
-1
-1
0.015002151010287153
-1
-1
-1
-1
-1
0.01437778398227905
0.013339405971885527
-1
-1
-1
-1
-1
-1
0.013032152282044926
-1
-1
-1
-1
0.013507785166403325
-1
-1
0.01353516525670186
-1
-1
-1
-1
-1
