0.07356152316751001
-1
0.0735569243017397
-1
0.07355138210401144
-1
0.07354891637688901
-1
0.07354068385955949
-1
0.07354085260330269
-1
-1
0.07353768468447472
-1
0.07353575991713293
-1
0.07353562002312647
-1
0.073530727543243
-1
-1
0.07351270320752985
-1
0.07349632058513762
-1
0.07347096504141751
-1
0.07344571673162452
-1
-1
0.07338330571509932
-1
0.07329936136393787
-1
0.07317550345642926
-1
0.07298504740135854
-1
0.07264856540993468
-1
0.07210680643717447
-1
-1
-1
-1
0.07062228074356845
-1
0.06961691521074129
-1
-1
0.06827021222136335
-1
0.06769337975271217
-1
0.06705649617600114
-1
-1
0.06619057361393758
-1
-1
-1
0.06463593963074357
-1
-1
0.0636377341671077
-1
0.06302692280512422
-1
-1
0.06271177269008062
-1
0.06237381620494198
-1
0.06194781489568214
-1
-1
0.061562208770072624
-1
-1
-1
0.060614696485266836
-1
-1
-1
0.059272269462341584
-1
0.058835339872804406
-1
-1
0.05727985041326584
-1
0.05691920322914646
-1
0.056199473169840634
-1
0.055597192947178666
-1
0.05525988846609037
-1
0.05448895382554564
-1
-1
0.05373780547756038
-1
0.053610919273062926
-1
-1
0.05259556977171876
-1
-1
0.05209362016965265
-1
0.052158901952717406
-1
0.05168731103749036
-1
0.05139561940545905
-1
0.05107426823002018
-1
0.05058277252057916
-1
-1
0.05003609406893656
-1
-1
0.049435474448008075
-1
-1
0.0489924591970226
-1
0.04886828644634926
-1
-1
0.04867865734448716
-1
0.04857736189071446
-1
0.048094573249555614
-1
0.047825036201302865
-1
0.04765235114859664
-1
0.04735424850629345
-1
0.047008042302850175
-1
0.04644444135770406
-1
-1
0.04658104366363455
-1
0.04643622429947875
-1
0.04636741495567914
-1
-1
0.04604506759338728
-1
0.04589788227865141
-1
0.04554926336628117
-1
0.04559028148651123
-1
0.04527252656684074
-1
-1
-1
0.04462356414969108
-1
0.044192246487151546
-1
-1
0.044328937247463555
-1
0.04372625236641871
-1
0.043580684650978536
-1
0.04322075664180599
-1
-1
0.04306328144247674
-1
-1
0.04332807123933209
-1
0.04275390568389196
-1
-1
0.0423613169966223
-1
-1
-1
0.04220855617087726
-1
0.04189611080030328
-1
0.041829499262108646
-1
0.04152332963464467
-1
-1
-1
0.041756536427153844
-1
0.041144630625912046
-1
0.040682452318330876
0.04077113170057671
-1
0.040323707828783015
-1
0.04031284707321968
-1
0.03993879518552458
-1
0.03961571552982069
-1
0.03921114971104278
-1
0.03903132742398406
-1
-1
0.03931017025420655
-1
0.03895249162634758
-1
0.03864271945604995
-1
-1
0.038232385703962146
-1
0.038436902576385566
-1
-1
-1
0.03796608839949516
-1
-1
0.037618469702054375
-1
0.03740214250947787
-1
0.037062658049744554
-1
0.03674458616400418
-1
0.03667197638450692
-1
0.03639553529486809
-1
0.03609370445007603
-1
0.035798439342681676
-1
0.035192177529748715
-1
-1
0.03506875609698361
-1
0.0346003336449192
-1
0.03503511820209625
-1
0.03410192747094316
-1
0.03401161024015244
-1
0.033589642314606066
-1
0.03359854033548538
-1
-1
0.033417465398300726
0.03348953146912736
0.03292255853409092
-1
0.03268004168658496
-1
-1
0.03293487960345125
-1
0.032120398952536384
-1
0.03263321488959604
0.03124761633132691
-1
0.03172257243226108
0.03158341447512309
0.03053551136630855
-1
-1
0.030569466009531934
-1
-1
0.02999187193504752
-1
0.030522293750553917
0.029946587700822036
0.029651278747271186
-1
-1
0.029505368536465786
-1
-1
0.028932535811646346
0.029242566813072655
-1
0.028707111072322548
0.028159352592681642
-1
0.027217970482290604
0.02803241398236523
-1
0.027426414946987207
-1
0.027095912553404017
0.02658909534754818
0.026318956959193153
-1
0.026294836864623847
-1
0.025471621779002012
-1
0.02628639419329221
0.025869042647483687
-1
0.02474672565721486
-1
0.02572567053309314
0.024842700280555307
-1
0.024126191879516323
-1
0.02430864916816694
-1
0.02451665835565628
0.023772926553743617
0.02405024720653551
-1
0.02349280735401258
-1
-1
-1
0.02313902440680761
0.022419516626558347
-1
0.02230949548825826
-1
0.02199983404923792
-1
-1
-1
-1
0.022221541921842045
0.02185943853365232
-1
-1
0.022306135881981347
0.021727707832371265
0.02146070528792464
-1
0.02097371699603181
0.020422921183446772
-1
0.020002917625588368
-1
0.02066719955233134
0.020427295919422692
0.019236785826617725
-1
0.01926487283483488
-1
0.019216354973784322
-1
0.019331059417768158
0.01870883473930838
-1
0.01838282008557559
-1
-1
0.01785035379673248
-1
0.018402751756313184
0.017865108123653013
-1
0.017646507340479116
0.016858623200627768
-1
0.017309830116626877
0.017060917452590106
-1
0.016628385855727
-1
-1
0.017238270957448166
0.01634588996841483
-1
0.0162588473324362
-1
-1
0.01559103413667853
-1
0.015793442855414733
0.015421156299440828
-1
0.01536134690658687
0.01506289283842801
-1
-1
0.014516285544933248
-1
-1
0.01418217638311865
-1
0.014198489847792883
0.014299371039078116
-1
0.014004494838382555
-1
0.014000144527723257
-1
0.014067408442497252
-1
0.013708744538293037
-1
-1
-1
0.013344508668059083
-1
-1
0.013025976669842796
-1
-1
0.013185318219199028
0.012768159099093311
-1
-1
0.012787025915161116
-1
0.012278253010146694
-1
0.012487071871621425
-1
0.012925471760094438
0.011875775992257953
-1
0.012348226180563778
-1
0.011522496590331265
-1
-1
-1
0.012019451336773564
0.011167745836521394
-1
0.011479994385890221
0.01094305821137341
-1
-1
0.011522651984267038
0.010710752449215277
0.01089648665630654
-1
0.010525431228827124
-1
0.010575550478206922
-1
0.010408836460276825
-1
-1
0.010792888156627411
-1
-1
0.009892490737514407
-1
0.009987814408050823
-1
-1
0.010479561566081765
0.0099746757752547
-1
0.010273015550146364
-1
-1
0.009940875049459336
-1
0.009373255468666826
-1
0.009404584510277396
-1
0.00882666226663546
-1
-1
-1
0.009831288448411581
