-1
-1
-1
-1
-1
-1
-1
0.07405260097021345
-1
0.07403933481238355
-1
0.07402188016080308
-1
-1
-1
-1
-1
-1
-1
-1
-1
-1
-1
0.07365900039672851
0.07354189017723346
-1
-1
-1
-1
-1
-1
-1
-1
-1
0.0701834417759687
-1
-1
0.06843032075070786
-1
0.06757069291739629
0.06688397698018743
0.06642468057829758
-1
-1
-1
-1
-1
0.06218298906567453
-1
-1
0.06103379002932844
-1
0.060569375684891624
-1
-1
-1
-1
-1
0.05953354923204444
-1
-1
-1
0.05859324055156488
-1
-1
0.05771678053099534
-1
-1
-1
-1
-1
-1
-1
-1
0.054713372526497675
-1
-1
-1
-1
-1
-1
-1
-1
-1
-1
-1
-1
-1
0.05175880492418662
0.05135492582430785
-1
0.05111524461329668
-1
-1
-1
-1
-1
-1
-1
-1
-1
0.049492480234168044
-1
0.048941410437397574
0.04888686651471018
-1
0.04861550188612664
-1
-1
-1
-1
0.047792657271198836
-1
-1
-1
-1
-1
-1
-1
-1
-1
-1
0.046010496424532484
-1
0.04540862313632307
-1
-1
-1
-1
-1
0.04527034606056652
-1
-1
0.04457679923923536
-1
-1
0.04400115862660024
0.04348352870721927
0.04355597309682561
-1
-1
-1
-1
-1
-1
-1
0.0426489440326033
-1
0.04256273225806225
-1
-1
-1
-1
-1
-1
-1
-1
-1
-1
-1
-1
0.04115928194988733
0.04094184776832317
-1
-1
-1
-1
-1
-1
-1
-1
-1
0.04026041658445337
-1
-1
-1
-1
0.03937106861465278
-1
-1
-1
-1
-1
-1
0.039094652471871216
-1
-1
-1
-1
-1
-1
-1
-1
-1
-1
0.03812446259904182
-1
-1
0.03727581879188275
-1
0.037241805915174814
-1
-1
-1
0.03679573555102293
0.03648722303324732
-1
0.03618622719556436
-1
-1
0.035486254746886506
-1
-1
-1
-1
0.035294662124809174
-1
-1
-1
-1
0.034372657496353674
-1
-1
-1
-1
-1
-1
-1
0.03410360495249431
-1
-1
-1
-1
-1
-1
0.033111530473862574
-1
-1
-1
-1
-1
-1
-1
-1
-1
-1
0.03214669816795437
-1
-1
-1
-1
-1
-1
-1
-1
-1
0.03064770978072594
-1
-1
0.030301167471655486
-1
-1
-1
-1
-1
-1
0.030159580296483534
-1
0.02918344590855741
0.02885996758252725
-1
0.02847745939232837
0.02853579806185317
-1
-1
-1
-1
-1
-1
-1
-1
0.02797508360325605
-1
0.027818139311911048
0.02775249344179
-1
-1
-1
-1
-1
-1
-1
-1
-1
0.026803025692358786
-1
0.02581517520992235
-1
-1
0.02554516938911087
-1
-1
0.025143245540816206
-1
-1
0.02523979776207058
-1
-1
-1
-1
-1
-1
-1
0.023982058105797604
0.024677563960524812
-1
-1
-1
-1
-1
-1
-1
-1
-1
-1
-1
-1
-1
-1
-1
-1
-1
-1
-1
-1
-1
-1
-1
0.02306442673178925
-1
-1
-1
-1
-1
0.022589996450248805
-1
-1
-1
-1
-1
-1
-1
-1
-1
-1
0.021586200478433192
-1
-1
-1
-1
-1
-1
-1
-1
0.021137572088460812
-1
0.02031598317212072
-1
-1
-1
-1
0.020565491914749146
-1
-1
-1
-1
-1
0.01956472084440034
-1
-1
-1
-1
-1
-1
0.019655277783843295
0.018554748577633125
-1
-1
-1
0.01897128101052909
-1
-1
-1
-1
-1
0.018667251221064864
0.01783878238036715
0.0178448333274359
-1
-1
-1
-1
-1
-1
0.01784122303984631
-1
-1
0.01679641342711175
-1
0.016301141819734685
-1
-1
-1
-1
0.01667586221092049
0.016160136543471235
-1
-1
-1
-1
-1
-1
-1
-1
-1
-1
0.016316282708069375
-1
-1
-1
-1
0.015178187626531755
-1
0.014959544734708195
-1
-1
0.015035956823962858
-1
-1
-1
0.014629397645763967
-1
0.014359143842225789
-1
-1
-1
-1
0.014033843189820476
-1
0.01409150266784361
-1
0.013570298175702149
-1
-1
-1
-1
-1
0.013033902621132205
-1
-1
-1
-1
-1
-1
-1
0.013213917640433915
-1
-1
-1
-1
-1
-1
-1
-1
-1
-1
0.013719464427438276
-1
-1
-1
-1
0.012697334748575057
-1
-1
-1
-1
-1
-1
0.012472293424880368
-1
-1
0.012281442438733988
-1
-1
0.012387024044305429
-1
-1
-1
-1
-1
