0.07296943422603808
0.07297012196030728
0.07297135841014774
0.07296776297732589
0.07296308583991472
0.07295943990066238
0.07296436392479669
0.07295760604342244
0.07295643431439712
0.07295302356776424
0.07294510524822341
0.07294822606173428
0.07293993897468293
0.07293688348685459
0.07293471463386907
0.07293532615484194
0.07293316818947017
0.07293059961992389
0.07292618247469687
0.07292960511705589
0.07292738636250727
0.07292105692889675
0.07291783117088656
0.07291681438873485
0.07291029321214866
0.07290761415348497
0.07290582162885284
0.07289849083721008
0.07289937182662351
0.07289080256891553
0.07288606363421515
0.07288042828598185
0.07287605721149082
0.07286693298791479
0.0728629493310134
0.07286073097970974
0.07285763163899267
0.07284910250415762
0.07285043109547007
0.072838892241109
0.07282981257610038
0.07282428086182027
0.07282733675289355
0.07280780628922122
0.07280957673619212
0.07279132012332973
0.07278280540450179
0.07277685189599971
0.07275740480322163
0.07275582650247134
0.0727387778098689
0.07271862140921659
0.07270486742951149
0.07268186875680033
0.07264711690503498
0.07263555597301265
0.0726131877737872
0.07259243013490833
0.07255005695351081
0.07251353102556998
0.07249091291528424
0.07243992359895282
0.0724024817000988
0.07232770193958887
0.07227598688315136
0.07222445560560166
0.07213068623371406
0.07208456690669313
0.07197025230520623
0.07187396567669278
0.07176978734280544
0.07167905884111658
0.0714758839718131
0.07132992734364677
0.07111036238156213
0.07085469842713177
0.07052559802194479
0.07008084837528414
0.06959836387231032
0.06886288030959083
0.0684410464688033
0.06798394270729564
0.06764472680162426
0.06716953200971348
0.06691870024037916
0.06676498155009167
0.06619295716033677
0.06608116480563206
0.06588448933768726
0.06554751925438201
0.06549699477867142
0.0648899626278222
0.06468369678513444
0.0641872546637537
0.06409542429522783
0.06387106459942227
0.06344111500028324
0.06331092600590582
0.0626261783200641
0.06252010967464326
0.06222122643009049
0.06194255901441513
0.06172721320428505
0.06130702374601465
0.061309376478699246
0.060823028082575406
0.060800591029274036
0.06030818196230157
0.05995234999545785
0.06026062053051358
0.05932658504986108
0.059471695922141854
0.05937527193831591
0.05910809831437802
0.05895394593414242
0.05902040352528998
0.0584784236065177
0.05813324592582267
0.05804807464365727
0.058127693041182475
0.057681895764131116
0.05788448376080954
0.057193992304247473
0.05704666751635755
0.05706533271716967
0.056789042984960444
0.05644128685521777
0.056205550258305814
0.05609730882826114
0.05578322985207555
0.0558087345409595
0.055711059842502846
0.05551441240008235
0.05529355176155461
0.05498026546413752
0.05470338361711885
0.05483268063365783
0.05471708794728898
0.054207039030611394
0.05433523463396391
0.054203311635878326
0.053941564176853814
0.05357122169236552
0.05373917825630301
0.053514366472498305
0.05351065566121398
0.05338524723657846
0.053344374479249466
0.05281343051797492
0.052879270438664056
0.05300075191271986
0.05289812032566514
0.05272899636758558
0.05251790050724344
0.0523211553283272
0.0523017846000623
0.052321096555375146
0.05237658563174354
0.05216816137003344
0.05212601889515528
0.051654681494069654
0.05178629318705069
0.05185849278472191
0.0516050500547155
0.05173001526274087
0.051587336159155686
0.05147130529673861
0.051525741954182476
0.051356063383074184
0.05114815320827493
0.050863794292506405
0.05100388133752674
0.05080318723118079
0.05092645140077297
0.05101972241230293
0.05043420217001917
0.050965111048982714
0.05049215104060748
0.050535267352049745
0.05038532731901012
0.050689268061776996
0.05022139266983903
0.05040854374399649
0.04992732422044363
0.04967121835994922
0.0502200717401807
0.050192933102742816
0.05013382712075876
0.04969626798690248
0.04975050836486494
0.049750892758117414
0.049547506386835534
0.049546344688528435
0.04961723041332801
0.049485712222770706
0.04930515022156858
0.048933272936379425
0.04899175958451962
0.049069626941237336
0.04888112746635905
0.048844993442107965
0.0486777833349861
0.048390775049463645
0.04876216153513806
0.04853755943870947
0.04829093487519795
0.04870154998771232
0.04809206136941405
0.048192057901910695
0.048065084332391525
0.047798943469186665
0.04793977802954063
0.04789402535299418
0.047613385061380985
0.047326312256665864
0.04754141606941788
0.047132892487669095
0.04718568819017793
0.04697110758775385
0.04710148726658892
0.047008579276328864
0.04643382189389767
0.04667842524248248
0.046811887577774665
0.046743430798956
0.04630391507017688
0.046477728968694905
0.046073598085447795
0.046324084677101446
0.046158560033076404
0.046030409593158746
0.045974185854889625
0.04568445919432045
0.04550118647972575
0.04578650773957719
0.045496167743432854
0.04528656953485017
0.04518204098272021
0.04536193742812562
0.045032318752361404
0.04469920621109815
0.04474631162324869
0.04469685998073844
0.04460626606205301
0.0444815276289087
0.04434216400533599
0.04464466128238412
0.04440564519507185
0.04418096194559625
0.04406694251941576
0.04401073773365948
0.044033999725325665
0.04383929597398947
0.04382614968443018
0.04341151225390444
0.0432855934219683
0.04353238074522442
0.04346657721739239
0.04278699313359331
0.04312600272906507
0.04270922744500965
0.04243524966733904
0.043173478672922795
0.04271042573779632
0.04228262437574455
0.042256184864245816
0.04245667034173365
0.042249437769674096
0.04197255587224981
0.041908823914558135
0.04203694401029301
0.04202530389104282
0.041826805100632525
0.04152487004786163
0.04146595389343971
0.04135562819103862
0.04155609738751143
0.0413623511161159
0.041302759702815564
0.04119564067989777
0.040880736992172664
0.04063004474559243
0.04100310149706947
0.040745269319723824
0.04066028882282733
0.04051838636902372
0.040576167918158886
0.040339697642255784
0.040468527600326695
0.040108162051275466
0.03993009447295368
0.039759786562486125
0.03983272130091145
0.03983920976425074
0.03956939443221304
0.03925892785034018
0.039745331138183404
0.039450937396124104
0.03951961535480007
0.0392927934957105
0.039155741272214606
0.03890124738342414
0.03917687113138888
0.03836386733024871
0.038725685317218934
0.03881146151722108
0.03884119014659341
0.038504229312719296
0.038593549153769495
0.038147967587565765
0.03855850278197081
0.0385714854800928
0.038265851184127196
0.03808166915216103
0.03789938947867137
0.03812328216641448
0.037618098677338806
0.037700247764587407
0.037770530738991864
0.03748457235211298
0.037452218900523276
0.03741769402526146
0.03720824542055674
0.0373036820339098
0.03688529434970267
0.037143758840339124
0.036758547429050506
0.03719835419987523
0.03671559027335104
0.03669794727329472
0.03629276722228552
0.03653243132423901
0.03619380975122431
0.03571060049105396
0.03622032978569982
0.035663629183053464
0.03603830816377797
0.03571760251204509
0.03601428068717489
0.03571926524220763
0.03579583220955685
0.035499157411603546
0.03561600625640998
0.03533716547060718
0.0349468425262806
0.03545162846623717
0.03509216235505602
0.03458092739415723
0.03470397111477358
0.03482202747659502
0.035215077793371345
0.034563064197153166
0.03437660249544752
0.03423696217022789
0.03468100021555862
0.034238790155213174
0.03456887039523296
0.03443782165741063
0.03437083193414055
0.034010673854618194
0.03402063347572504
0.03340899339437989
0.033376436228479946
0.03349762335892208
0.03363131488856503
0.03339572590450908
0.033156101018127375
0.033060911921567696
0.03291675663901686
0.032960041809283656
0.032922984933752335
0.03287756190995585
0.032399963778118754
0.03289383906894708
0.03240867853164673
0.0326393540263428
0.032193297513191596
0.032130074753065695
0.032281446860154134
0.03232579659709971
0.032041644571195446
0.03236414957752187
0.03182040856202108
0.032066273033996964
0.032016693714053135
0.03150724391856607
0.03164244459244968
0.031096518594165182
0.031209998125757775
0.03162344825192183
0.030903837796749573
0.030991860524796532
0.031044558717634917
0.031071041149518454
0.030997650416658494
0.030826540401571647
0.030530886166191505
0.030332559284145685
0.030851696787626497
0.03052144428640289
0.03038985268006113
0.030075316222475144
0.03011655336202577
0.030083971119330245
0.030190802275756448
0.029862692340987932
0.0293452888412153
0.029579764995212032
0.029111294010476883
0.029516741211268162
0.02909386480585465
0.028812443453968203
0.02865967989976008
0.028513494858530056
0.0281289944185011
0.028685276931738498
0.02912609902295199
0.028150025734689724
0.027884220673720376
0.027943269646949043
0.028189018664854022
0.02758330609531282
0.027976032669398045
0.02796434566032055
0.027641706965690432
0.02755381849301038
0.027558807716813197
0.02704193520243526
0.02755119256186939
0.027547920959948485
0.027088857730397715
0.026572456092713498
0.026410938241769093
0.02642308135869387
0.026755722078158035
0.026765066208849497
0.02674665231785361
0.02610570416642042
0.025909388014932516
0.02606504614963088
0.025692181481367437
0.025654932257993025
0.026091595457169773
0.02521936927486928
0.025553587148355882
0.02538194600925889
0.025715587003034467
0.02514348990317379
0.02512913928475491
0.025629561585049296
0.025306234500876948
0.0246702800845495
0.024531345110362982
0.024183758595529115
0.024862917306307252
0.024430204987777968
0.024597248201894455
0.024521086735150778
0.024445256206500354
0.024067999797441997
0.023878328895972092
0.02321281522575443
0.022906023818393087
0.023715054434399273
0.02358545914260832
0.023268491092746403
0.023222796420466322
0.023425646223931184
0.02365228784512768
0.022749738776406576
0.023055227009488966
0.023120274011982925
0.02285936411793086
0.022049593560035333
0.02223844591205266
0.02217616559839148
0.021998835088838736
0.022254178350117948
0.021549012406431846
0.021242515065453268
0.021955245267009132
0.02172468217684401
0.02157151011029459
0.021312552929932675
0.021541336027562745
0.02149424740678412
0.02143724747238401
0.0215920888848335
0.020688017642019163
0.020970273597547922
0.02097415737571474
0.02039690863254458
0.020689473305897783
0.019461348810357222
0.020474037049184643
0.02066414520049952
0.02000818190816593
0.01930556801358439
0.020255805624463847
0.019625080488700947
