-1
-1
0.07245469070231365
-1
-1
0.07245064185837567
-1
-1
0.07244176425887655
-1
-1
-1
0.07242700482107536
-1
-1
-1
0.0724094244238828
-1
-1
-1
0.07238128502778798
-1
-1
0.0723125641340205
-1
-1
-1
0.07217506877446579
-1
-1
0.07194857262525951
-1
-1
-1
0.07086767157399913
-1
-1
-1
0.06839605012759747
-1
-1
-1
0.06749808482338672
-1
-1
0.06679593483414546
-1
-1
-1
0.06507379113906232
-1
-1
-1
0.06361399753330406
-1
-1
-1
0.062358762623322794
-1
-1
0.06112881191706253
-1
-1
-1
0.05995613247083983
0.05954996812141548
-1
-1
-1
-1
-1
0.05725971463228831
-1
-1
-1
0.055880448142783694
0.05562285655347256
0.055411815701039015
-1
-1
-1
-1
-1
-1
-1
0.05425646917006006
0.053992479592200916
0.05346158664971229
-1
-1
-1
-1
-1
-1
-1
-1
0.05289406406966018
0.05227250111882392
0.052142896317396555
0.05198424058734072
-1
-1
-1
-1
-1
-1
-1
-1
-1
-1
-1
0.050996398233039614
0.050534121638060196
0.050227459117806274
0.05011037054131164
0.04983160409165353
-1
-1
-1
-1
-1
-1
-1
-1
-1
-1
-1
-1
-1
-1
0.04791301786177961
0.04800115820859304
0.047499019932227333
0.047412227660634035
0.0467754460420216
-1
-1
-1
-1
-1
-1
-1
-1
-1
-1
-1
-1
-1
0.045418685400457126
0.04477207920453161
0.044744770867483956
0.04419846858008433
-1
-1
-1
-1
-1
-1
-1
-1
-1
-1
-1
-1
0.0427798010246517
0.042949909390317904
0.04251645921794901
0.042584657264968094
0.041818050495360144
-1
-1
-1
-1
-1
-1
-1
-1
-1
-1
-1
-1
-1
0.040549641024979786
0.03985704056575858
0.03997944873412643
0.03973580350598758
-1
-1
-1
-1
-1
-1
-1
-1
-1
-1
0.03868334068224447
0.038327445735654296
0.038498406981729134
0.03771420601782441
-1
-1
-1
-1
-1
-1
-1
-1
-1
-1
-1
0.036358731912931576
0.03639405050808812
-1
-1
-1
-1
-1
-1
0.035824359184893226
0.036054830545374617
0.03525966160522535
0.035170821993460666
0.034903861304460944
-1
-1
-1
-1
-1
-1
-1
-1
-1
-1
-1
-1
0.03354326111352473
0.03347578270960662
0.032349141255995265
-1
-1
-1
-1
-1
-1
-1
-1
-1
-1
0.032701475366264506
0.031890877597845785
0.03184782543713475
0.031579006959393294
0.031063812725769115
-1
-1
-1
-1
-1
-1
-1
-1
-1
-1
-1
-1
0.03032704508044818
0.030386818407811492
0.029638601042167905
0.02947075638297684
0.02913406322423829
0.028762493641555455
-1
-1
-1
-1
-1
-1
-1
-1
-1
-1
-1
-1
-1
-1
-1
-1
0.027824448990764108
0.02701329740427308
-1
-1
-1
-1
-1
-1
-1
0.027293687034172814
0.02702432911274797
0.026969267640795026
0.026245390300889283
0.025447701469749288
-1
-1
-1
-1
-1
-1
-1
-1
-1
-1
-1
-1
-1
-1
0.02531526198398692
0.0251222074176151
0.025083574198060118
0.02426076775313001
0.02353304734241587
0.023539040870874325
0.022800775099608858
0.02300318996207766
-1
-1
-1
-1
-1
-1
-1
-1
-1
-1
-1
-1
-1
-1
-1
-1
-1
-1
-1
-1
0.023244367759972448
0.02188885235035968
0.02169360392896084
0.021329311683737917
0.021015272475328053
0.02114753174724071
0.020033274695601934
-1
-1
-1
-1
-1
-1
-1
-1
-1
-1
-1
-1
-1
-1
-1
-1
-1
-1
-1
-1
0.0205806029333618
0.020647465951794862
0.019561571359057117
0.01853678928593458
0.018164507189616742
0.01758938928204645
0.017768332600304925
0.01796787358080792
0.0165353082787904
-1
-1
-1
-1
-1
-1
-1
-1
-1
-1
-1
-1
-1
-1
-1
-1
-1
-1
-1
-1
-1
-1
-1
-1
0.017364212055183206
0.017632557845000205
0.016946076336553543
0.015987986412810355
0.015148707675876111
0.0151443280478078
0.014849635399427023
0.014644977767877371
0.014573660528977326
0.013899697626762759
-1
-1
-1
-1
-1
-1
-1
-1
-1
-1
-1
-1
-1
-1
-1
-1
-1
-1
-1
-1
-1
-1
-1
-1
-1
-1
0.015160316120625697
0.014355827785000098
0.01356019845309038
0.013364077299905458
0.012814569292865135
0.012196090095845607
0.012096929777476745
0.011545619906149536
-1
-1
-1
-1
-1
-1
-1
-1
-1
-1
-1
-1
-1
-1
-1
-1
-1
-1
-1
-1
-1
-1
0.0127931449048167
0.012725763932123022
0.012204125866329987
0.01138004788330623
0.011696133327830502
0.011242170245826388
0.01049933201536428
0.010366756950683224
0.010582993459181981
0.009603392017089714
0.009491006683639407
-1
-1
-1
-1
-1
-1
-1
-1
-1
-1
-1
-1
-1
-1
-1
-1
-1
-1
-1
