0.07224599137025721
-1
0.072232437507779
-1
-1
0.07222522988038904
-1
0.07221087502498252
-1
0.0721987684100282
-1
-1
0.07218372971403832
-1
0.0721738161760218
-1
-1
0.0721364351347381
-1
0.07212259647892971
-1
-1
0.0720661122191186
-1
0.07202165500790465
-1
0.07191310312233719
-1
-1
0.0716737273160149
-1
0.07136599886651132
-1
0.0708058697569604
-1
-1
0.06840985662796918
-1
-1
-1
0.06716559681237913
0.0669190747130151
-1
0.06661522243537155
-1
-1
0.06589246474060358
0.06584774568969128
-1
-1
-1
0.06429175175872504
0.0639006945666145
-1
-1
0.06306062843285355
0.06269258578618367
0.06210695224649766
-1
-1
-1
-1
0.06052535122516108
0.05980270642860263
-1
-1
-1
0.05764795826930626
-1
-1
0.05582501280541514
-1
0.0546822657772139
-1
0.053447798233406216
-1
-1
0.05286359408322503
-1
0.05223259243310667
-1
0.05157196526433907
-1
-1
0.05094161103753483
-1
-1
0.04993490027446373
-1
0.049719592262716855
-1
0.04954992944119023
-1
0.04878431801702462
-1
-1
0.04843271059148452
-1
0.04799243426790424
-1
0.04775962843614466
-1
-1
0.04732216073017494
-1
0.046811536199906294
-1
0.04638351314208087
-1
-1
0.04606859141705083
-1
0.04534871933506984
-1
-1
0.04511772080963733
-1
-1
0.04455131460638607
-1
0.04396746457791796
-1
0.043867281792210604
-1
-1
0.043256873289744056
-1
0.04296186751010371
-1
-1
-1
0.04275113306793512
-1
0.042260537895501826
-1
0.04191911613239962
-1
-1
0.04159843575720693
-1
0.04152460806510028
-1
0.04102358369266286
-1
0.0407085584191715
-1
-1
0.040407254345276776
-1
0.04031427021120109
-1
-1
0.039550256261638564
-1
0.03927953112359141
-1
-1
0.03939548922520057
-1
0.03871260668717179
-1
-1
0.038451508400486965
-1
-1
0.038092688906426524
-1
-1
0.03769511281275281
-1
0.037293678264991914
-1
0.03730672205195707
-1
0.037157688795351515
-1
-1
0.03655963879005582
-1
0.03617425315520343
-1
-1
0.03579327258409238
-1
0.03566299443151437
-1
0.035296930027943034
-1
0.03499273279133965
-1
0.03520039771117416
-1
-1
0.03442349293652703
-1
0.03414340844341353
-1
0.033597740776398606
-1
-1
0.033462242823021085
-1
-1
0.03317690463627086
-1
-1
0.0327134667892082
-1
0.032694408285851566
-1
-1
0.03214768105862187
-1
0.03201939143386542
-1
0.031335636844822004
-1
-1
0.031840917666753135
-1
0.031521434269699396
-1
0.031019319436129403
-1
-1
0.030881189925997865
-1
0.030574117478202368
-1
0.029567219766916012
-1
0.029677773807563035
-1
0.029731635907117058
-1
-1
0.02985197495011722
-1
0.02883455989407558
-1
-1
0.02872311234474182
-1
0.028518388060962453
-1
-1
0.028352294108446908
-1
-1
0.02820902997372197
-1
0.02771256166345933
-1
-1
0.027371628658444273
-1
-1
0.026928135857862585
-1
0.02646219258214913
-1
0.026402543000146453
-1
0.025908603247474224
-1
-1
0.025763827901260528
-1
0.025698726107092465
-1
-1
0.0255011709764892
-1
0.02503983682277156
-1
0.02462069312731425
-1
-1
0.024525044513683696
-1
0.024009630446340524
-1
0.024174274369782093
-1
-1
0.024011671636618822
-1
0.02287576178709666
-1
-1
0.022851143455972858
-1
0.02257864911182254
-1
-1
0.02260863489964429
-1
-1
0.021617382542759765
-1
0.021679118789878545
-1
-1
0.021488001989383325
-1
0.0210714069184135
-1
0.02026903174671472
-1
-1
0.020701735300176282
-1
0.01985179635823942
-1
-1
0.020227157777430966
-1
-1
0.020099527555353502
-1
-1
0.019484195463797625
-1
0.01938605155430588
-1
0.019113798632341274
-1
-1
0.018267631297018014
-1
0.01833725523714926
-1
0.01827439337968826
-1
0.018061332837039347
-1
0.017051704666193795
-1
0.01663856198974684
-1
-1
-1
0.01652023935434865
-1
0.0165561208245801
-1
0.01656839399361143
-1
0.016559469951134102
-1
0.015790994950369293
-1
-1
-1
0.015957902512129613
-1
0.015694872865489887
-1
0.015298335768428505
-1
-1
0.014570342617876389
-1
0.01485150243137397
-1
0.014321423447599598
-1
-1
0.014147765315046497
-1
0.013612475184833302
-1
-1
0.013859008112374473
-1
-1
0.013002207442825915
-1
0.013390996368492352
-1
-1
0.012729830946408066
-1
0.012541426788358127
-1
0.012629657300079571
-1
0.012378404023600558
-1
-1
0.011846293953119539
-1
-1
0.01166113364345887
-1
0.011870815870808621
-1
0.011794236991919723
-1
-1
0.01130810737025504
-1
0.010627785479905559
-1
0.010600366022656946
-1
0.010197647701875836
-1
-1
0.010855774149006488
-1
-1
0.010526483415388593
-1
0.010190476526816686
-1
-1
0.010079034482147179
-1
0.00975186975271094
-1
0.00956290922036358
-1
0.00913234292584307
-1
-1
0.00967960461974144
-1
0.009098945166550432
-1
-1
0.009182819542931576
-1
0.008750691025280486
-1
-1
0.008851630421830159
-1
0.008667051397702272
-1
0.008311646864110348
-1
0.0076519844257364085
-1
0.008429953431089718
-1
0.007938164472579955
-1
-1
0.007801393141933516
-1
0.007474200636440632
-1
-1
0.0076658195520148565
-1
0.007587913318591959
-1
-1
0.007340539229266784
-1
0.00717249328307077
-1
-1
0.006845655363856577
-1
-1
0.007243326190932125
-1
0.00676305714191175
-1
-1
0.006697426837156801
-1
-1
0.006740283926620203
-1
0.006359015562955071
-1
0.006805351580328801
-1
-1
-1
-1
0.006814118986036263
-1
0.006493051922788807
-1
0.005969001772064789
-1
0.006059614679977006
-1
0.005972378681979927
-1
0.00581511777697825
-1
0.005988899250240887
-1
0.005762687693623935
-1
