-1
-1
0.07640255837313897
-1
0.07638987218384194
-1
-1
0.07638074549953494
-1
0.07637356129367795
-1
-1
0.07636425716687092
-1
0.07635132200950014
-1
-1
-1
-1
-1
-1
0.0763155337983528
-1
0.07629959108555212
-1
-1
0.07626748485902769
-1
0.07625564189083808
-1
-1
0.0761869166804626
-1
-1
0.07609961191109851
-1
-1
0.07595089663446476
-1
0.0757416104848406
-1
-1
-1
0.07507810139023097
-1
-1
-1
0.07417650570911644
-1
0.07330316030873663
-1
0.07265710846512718
-1
-1
0.07171937301095607
-1
0.07126484328666619
-1
0.07009269389431033
-1
-1
0.06897910696215334
-1
0.06829728236240623
0.06788379618551879
-1
-1
0.06750060773528783
-1
0.06728555444067559
-1
0.06680718939916222
-1
0.0664995340119421
-1
-1
0.0660684526494119
-1
-1
0.06580061775393191
0.0656663836103625
0.0651571589233601
-1
-1
0.06445808183830395
-1
-1
0.06338166209448756
-1
0.06292458530020925
-1
-1
-1
0.06213109445782889
-1
-1
-1
0.06056525010978226
-1
-1
-1
0.05938956326088019
-1
-1
0.058648418008753686
0.058270112022889405
-1
-1
0.05745324144321206
0.05699445151649745
-1
0.05680479903136734
-1
0.056289936377938866
-1
0.05577040135332969
-1
-1
0.05520930912642352
-1
0.05522992083456664
0.054872389019063085
-1
0.05410029930351055
-1
0.05450865747654332
-1
0.05395042680006112
-1
0.05346995048818335
-1
0.0534730859562359
0.053229799893050066
0.05289048758228269
-1
0.05264367208016657
0.052712117122337886
-1
0.051970203576889716
-1
0.05195820877509834
0.05178664922714234
-1
0.05164783713036934
-1
0.051511348058692126
0.05081469614421372
0.05143264489891255
0.05129920323338129
-1
0.0505100520574941
0.05050175854590087
0.05002579491222854
-1
0.05005890792977493
0.04975616109054701
0.04917725155838823
-1
0.049621468993414825
-1
-1
0.04929288438463633
-1
0.049007872617350214
-1
0.04850307703018188
0.048589877428206724
0.0480380979786932
-1
0.048302125957159874
-1
-1
0.047916219086773626
-1
0.047479311317469165
0.04730441282808253
0.04706838732272123
-1
-1
0.0470000943515153
0.046943228698409764
0.046504274010658264
-1
0.04646987677675433
0.04636694860141889
0.04564414559739881
-1
0.04566661865837806
0.04560931839246666
0.04562019737420884
-1
0.04533929065265487
-1
0.044579411449685566
0.044725958778794886
-1
0.044441846487796414
0.044616997452963776
0.04418488292567498
0.04389525232589351
-1
-1
0.04358910770542854
0.04391222311332162
0.04360818440935253
0.04314910091657554
-1
0.04336721819322721
-1
0.042841337238792826
-1
0.04255276739069846
-1
0.04216023472558081
0.04228182086902382
-1
0.042067277774346615
-1
0.04141326048205384
-1
-1
-1
-1
0.0416779675578649
-1
-1
-1
0.04170872447764978
0.04148469256088797
-1
-1
0.04118823413036566
0.040321370036201135
0.04022707051671712
0.04035410201918762
-1
0.04041940166359454
0.039515880515090133
0.039279397570453914
0.038706289680130714
0.03923196410183358
-1
-1
-1
0.03871436481718468
-1
0.0387820549375188
-1
0.038264403736169364
0.03756996713644636
-1
0.03805663029176999
-1
-1
-1
0.037514705942795344
0.03778594399975464
-1
-1
-1
0.03701953638707642
-1
0.0366663645194695
-1
0.036687879422597124
0.03609176068443112
-1
-1
0.035440477043126535
0.035552215180565824
0.03569136021938999
0.03504719730235834
-1
-1
-1
0.034720263669712356
0.034571504672016716
0.03418571236914238
-1
0.033912045350380705
-1
-1
0.03364989302590885
0.03302348122264432
-1
-1
0.03327415366615869
0.03336200960376094
-1
0.03209827330655756
0.0323413810437232
-1
-1
0.03254963466485517
0.0316763984352614
-1
0.031171159017666254
-1
0.031120620443757657
-1
-1
0.0310846088107972
-1
0.030535528518721065
0.03048309836767416
0.03024927696823019
-1
0.029383843345979672
-1
0.029656164110761826
-1
0.028861544993335167
0.028436346444408452
-1
0.028250515652177607
-1
-1
-1
0.02819943311665438
-1
-1
0.02839686740354627
-1
0.02829403690993786
0.027779072691249636
-1
-1
-1
0.027777703769043482
0.027446369193823993
-1
-1
-1
0.026399479865764096
-1
0.02692708846148664
0.02609951213265942
-1
-1
-1
-1
0.026825154698000547
0.025968074719462775
0.02545038097727615
0.024882632300290648
0.02428410923256811
0.024767646958342694
-1
0.023849593749088523
-1
0.02356807085133232
0.022627259647490176
0.022635067422437455
0.022904668001672335
0.021880340732765936
0.02210237558898145
0.02227614148132569
0.02132419335070701
0.0205056051089041
-1
-1
0.02158829246491062
0.021314472912818985
0.020472841512049193
-1
0.02033248194781816
0.020055664077697866
0.019932268304437135
0.019223520395436646
-1
0.01977338589793813
0.019352702938218034
0.018670795844307385
-1
0.018174658544295657
-1
-1
0.01821011170266872
0.01781478474345223
-1
0.018457333915001525
-1
0.017879996008643533
-1
0.018108375252644835
-1
0.01757512788692143
0.01706004589383977
-1
-1
0.01743803667481494
-1
0.016370866027355723
-1
-1
0.016380551307507485
-1
-1
-1
0.016805373477147875
0.016155743254431053
-1
0.015305703969474518
-1
0.015647599085819273
0.015106164236074988
-1
0.015026024171868256
-1
-1
0.014855720296469145
-1
0.014758269043342598
-1
0.014123824403200924
-1
-1
0.013929843117557137
-1
-1
0.014031625924368215
-1
0.013912743372034974
-1
0.013953555599514363
0.013815573037321786
-1
-1
0.013263947401294666
-1
0.013814157578451312
-1
-1
-1
0.01331333877803115
-1
-1
-1
-1
-1
-1
0.012820349128883891
-1
0.012970140367845256
0.013143328472197187
0.011993410191251443
-1
-1
-1
0.012644273459301454
-1
-1
-1
-1
-1
-1
0.012267849006302721
-1
0.011647733909168602
0.012322394263444354
0.01058293507100635
-1
-1
-1
-1
0.011294410243811729
0.01135877364776633
0.011528265641268704
0.010829866647440116
0.010477371217757134
-1
-1
0.010721805752090186
-1
0.010225615812366647
-1
0.010890239206826793
0.010098484618407963
0.009689726880586714
-1
-1
-1
0.009641675936651571
0.00916447599085699
-1
0.010232826900633415
0.009729777110649884
-1
0.009294799904017586
-1
-1
0.0086218060783432
-1
0.009450004837141923
-1
-1
0.008667621135673553
0.008656959555192183
0.008120905445781496
-1
