0.06921624709532088
-1
0.06620707321480014
-1
0.059504864852329316
-1
-1
0.05185423278182549
-1
-1
0.04841565471509353
-1
0.04711995604784275
-1
0.04518941935616458
-1
0.04393690761904226
-1
0.04275125305553495
-1
0.0425150186801635
-1
0.04143130894041166
-1
0.04090935698745026
-1
0.04044004348748623
-1
-1
0.03948833193768558
-1
0.03920053105385611
-1
0.03897056570460029
-1
0.03812673287527306
-1
0.037443517164797956
-1
0.037567057977359194
-1
0.03697854746092331
-1
0.036076863158975174
-1
0.03581671373066808
-1
0.03579424092753972
-1
-1
-1
-1
0.03580386616468951
-1
0.03535987780443688
-1
-1
0.03459922593062503
-1
0.03430176750314575
-1
0.03430202392050161
-1
-1
0.034144799023279736
-1
0.03392945738016124
-1
0.03334960895763706
-1
0.03323084009032803
-1
0.033131673782085695
-1
0.0333605975629986
-1
0.03261122325317082
-1
0.03295203656023389
-1
0.03260903884075925
-1
-1
0.03239854968089765
-1
0.03186837516937006
-1
0.03161322685769663
-1
0.031383747605839236
-1
0.031723221243079955
-1
0.030805326538482433
-1
-1
0.03058038360441279
-1
0.030338921536501962
-1
0.030179906934825803
-1
0.029865869403667995
-1
0.030007095266484065
-1
0.029999996131567255
-1
0.029541949252852726
-1
0.02901866171240024
-1
0.029444263317913666
-1
0.029337506169041606
-1
0.028812433541212355
-1
0.02865098087479823
-1
0.02840922223139122
-1
0.028628815081239527
-1
0.02851198019553587
-1
0.027913163996890547
-1
0.027703088834979604
-1
0.027482104653602617
-1
0.027732809093379347
-1
0.027324760051472705
-1
0.027543839962268557
-1
0.02776742637548718
-1
0.02757362552492572
-1
0.027276450056476716
-1
0.027025269053436215
-1
0.027139300290552216
-1
0.02667414958158781
-1
-1
0.026787756125827848
-1
0.026745008900598572
-1
0.026287011446785875
-1
-1
0.026250002629386517
-1
0.025680795298885204
-1
0.0256000787997924
-1
0.025910978726798126
-1
0.02577863595157014
-1
-1
0.0260871413630521
-1
0.025685012862249328
-1
0.02567528758842001
-1
0.025758886943760793
-1
-1
0.025004945098701662
-1
0.025236495468496493
-1
0.024865266622025803
-1
0.024790449652421394
-1
0.024497781631983084
-1
0.024379970312640234
-1
0.024598225227330912
-1
0.024316451370846523
-1
0.02433189767977341
-1
0.023929084136397362
-1
0.024313942758729213
-1
0.024018139064442407
-1
0.024145853812898015
-1
0.024094380754610643
-1
0.02402405600579093
-1
0.023205692130314183
-1
0.02353734490125393
-1
0.023024835530464707
-1
0.023509666995355286
-1
0.02331343171893898
-1
0.022575481206635155
-1
0.022846878840052064
-1
0.022811655683903517
-1
0.02306363645215525
-1
0.022411842367059554
-1
0.022554608886038448
-1
0.022466703701593163
-1
-1
0.022192296196647494
-1
0.02219608336752301
-1
0.022119129864861718
-1
0.021796687374490618
-1
0.021970130271671637
-1
0.021638190198518516
-1
-1
0.021593427423314403
-1
0.021455344062143656
-1
0.021450304495949195
-1
0.021521290054206516
-1
0.02134524790541609
-1
0.021003528151261726
-1
0.02099801663888101
-1
0.02096642180788178
-1
0.020627906044672042
-1
0.020469211429944446
-1
0.020229120999248593
-1
0.020388652211466816
-1
0.020659194648657116
-1
0.020183763560111465
-1
-1
0.01960826942644182
-1
0.019450209881596802
-1
-1
0.019386482056173247
-1
0.01978559390329949
-1
0.01967755202652328
-1
0.019212631330187524
-1
0.018962099880827855
-1
0.01945730940779137
-1
0.01906296212381033
-1
-1
-1
0.018815986776247587
-1
-1
0.019070768079168167
-1
0.018415633156993457
-1
-1
0.01885325564336464
-1
0.018192407488822938
-1
0.018048677484237913
-1
0.018230249245265902
-1
0.017765757917575294
-1
0.018042632213567486
-1
0.017704406491515414
-1
0.017475886078840795
-1
0.01734618006897703
-1
0.017531363382381215
-1
0.016929926627052692
-1
0.01717197938090602
-1
0.017137628425263212
-1
0.016994601422900445
-1
-1
0.017145837067383908
-1
0.016896841572332694
-1
0.01672505488867833
-1
0.016383173168357665
-1
0.016353400113546093
-1
0.0156560827299333
-1
-1
0.015969140938517822
-1
0.016276153144416456
-1
-1
0.015491520399859487
-1
0.01598203257541427
-1
0.015767493674478595
-1
0.015914425475592166
-1
0.015373444374593655
-1
0.015325721857062576
-1
0.015059238137510204
-1
0.014868249964270601
-1
0.015046445112390122
-1
0.01511189479470514
-1
0.01437763260673381
-1
0.01431263123742861
-1
-1
0.014513347609298757
-1
0.014466016587986727
-1
0.01408382544306227
-1
-1
-1
0.014021794866419987
-1
0.014106609750563518
-1
0.013845256719273603
-1
0.01371941866120833
-1
0.013236487247620422
-1
0.013081747042402397
-1
0.013105735781091048
-1
-1
0.013364689893352124
-1
-1
0.013004289606598326
-1
0.013155191096617827
-1
-1
0.01296078086844941
-1
-1
0.012592534815456465
-1
-1
0.013259720397986782
-1
0.012634796220442399
-1
0.012678257869943749
-1
-1
0.012273251172358933
-1
0.0120710898035856
-1
0.012280233041332378
-1
0.011653064556533973
-1
-1
0.01212037789189059
-1
0.011675762901127469
-1
0.011491263406738412
-1
-1
0.011556512313024743
-1
0.011455269594813333
-1
0.01147517526045409
-1
-1
0.011664786503631907
-1
0.011076719771980978
-1
-1
0.010586882081021366
-1
0.010467454209043369
-1
0.011207559385237077
-1
0.010952635993060188
-1
0.010587662075293665
-1
0.010816625812186715
-1
0.010497050875842701
-1
0.01057583930325456
-1
0.010076823612141139
-1
0.010142749151789646
-1
0.009773550478484749
-1
0.009790131955914999
-1
0.010003654333544769
-1
0.009832077289990577
-1
0.009738851341885603
-1
0.009653404138216045
-1
0.00947143827082031
-1
0.009446412721074122
-1
0.009073219908894542
-1
-1
0.009245077730105534
-1
0.009132798026668425
-1
0.009033467021263336
-1
-1
-1
0.00862635823712568
-1
0.008883123711990579
-1
0.008530036237751107
