-1
0.07563023234294915
-1
0.07562535979174981
-1
0.07561977110359458
-1
-1
-1
-1
0.07561188507863384
-1
-1
-1
0.07559917506740813
0.07558923286578983
-1
-1
0.0755898406128619
0.07557477118787824
-1
0.07556658016337996
-1
-1
0.07551087265876284
-1
-1
0.0754453235093573
0.0754019848864671
-1
-1
-1
-1
0.07442211194204844
0.07364765075197945
-1
-1
-1
-1
0.06988615132944784
0.06954268067769201
0.06944411182795217
-1
-1
-1
0.06784881140417143
-1
-1
-1
0.06600462783288662
-1
0.06509651932138683
-1
-1
0.06394436246805367
0.06368211441705848
-1
-1
-1
0.062365249588749
-1
0.06158886136949919
-1
-1
-1
0.05996802342745803
-1
0.05892863792560429
0.05836842373411269
-1
-1
-1
0.05682549476623535
-1
0.05603886473105429
0.056014425847564636
-1
-1
-1
-1
0.05457099012770447
0.05418168538894497
-1
-1
-1
-1
0.053092555343737594
-1
0.052855998143033565
-1
0.052283328514569107
-1
0.05208200644663472
-1
-1
-1
-1
-1
-1
-1
0.051099851831518404
-1
-1
-1
0.050651839577441835
-1
-1
0.050312133980972326
0.04988824958918765
0.049636286631746705
-1
0.04923882420792472
0.04845858207718303
-1
0.04841711344904968
-1
0.04814636560436147
-1
0.04794167091714283
0.04767705096845999
-1
-1
-1
-1
0.046773561315125264
-1
0.04651728831767057
-1
-1
0.04610441778719548
-1
-1
0.04492349815564479
-1
-1
0.04532316891319698
-1
-1
0.04487559961832035
-1
0.04450515175746941
-1
0.04423755581129258
-1
-1
-1
-1
0.043857096083599924
-1
-1
0.04336970376282991
-1
0.043204167197617174
-1
0.04267776817756512
0.042334066768936064
-1
-1
-1
0.041996032232131796
-1
0.0420809716414622
-1
-1
-1
0.04097214800131639
-1
0.040846838427275364
-1
-1
0.04086408490273007
-1
0.040226642331548296
-1
-1
-1
0.03987064393394047
-1
0.03979778076833768
-1
0.039444505752234495
-1
-1
-1
-1
0.03869487284634882
-1
0.03901633885851631
-1
-1
0.03854439119049166
0.037901772145617914
-1
-1
0.03791516485645051
-1
0.037295367928256246
-1
0.036921107377359756
-1
-1
0.03666358035692689
-1
-1
0.036064471331954735
-1
-1
0.03633399731814249
-1
0.03603819735975481
-1
-1
0.035188906687241076
-1
-1
0.03484020949144383
-1
0.034791730781845
-1
-1
0.03407426925655263
-1
-1
-1
0.0335757857353046
-1
-1
0.03404002800369654
0.033074954831379885
-1
0.03285749777386566
-1
-1
0.03294334269646992
-1
-1
0.03222464151695768
-1
0.03142368802054951
-1
0.0315783891956909
-1
-1
-1
0.030687280087989946
-1
0.030280261962565554
-1
-1
0.029981851571639215
-1
-1
0.02988463143303654
-1
-1
0.02920912278995866
-1
0.02857061294070015
-1
0.02811390777143365
-1
-1
-1
0.02832738370376446
-1
0.027782077992476475
-1
0.026772950880336568
-1
-1
0.0267761688274035
-1
0.0269876646126565
-1
-1
0.02582575063808253
-1
-1
-1
0.02627332540385777
-1
-1
-1
0.025277535975346575
-1
0.024565367850434852
-1
0.02503684031522739
-1
0.023709556686804772
-1
0.02359670157060486
-1
-1
0.023328211432364934
-1
-1
0.022603131484936395
-1
0.022839390120834295
-1
-1
0.02184923865834301
-1
-1
0.021670430081703333
-1
0.021979083316649255
-1
-1
0.021294252800868035
-1
-1
-1
0.022548826207125703
-1
0.020920915617100758
-1
-1
0.02141166953886314
-1
-1
0.019628754316291772
-1
-1
0.01955220143959018
-1
0.019501682574376924
-1
0.019235688802887528
-1
0.01870616216067171
-1
-1
-1
-1
0.019126171725027615
-1
-1
0.018478289062971942
-1
-1
0.018578168801825636
-1
0.017870752314522523
-1
0.017771238351749444
-1
-1
0.01777334896660194
-1
0.017247199688634588
-1
0.016018115750512058
-1
0.015903158020801857
-1
-1
-1
0.01653706378760524
-1
-1
0.015352459108070671
-1
-1
-1
0.015919959439572858
-1
-1
0.01543534531562113
-1
0.01552423317429038
-1
0.014609653469810007
-1
-1
0.014845694331127148
-1
0.014256467270135145
-1
0.016282671042842298
-1
0.013460306659555043
-1
-1
0.013552668534632337
-1
-1
0.013640603297667336
-1
-1
-1
0.013907169178893189
-1
0.01312933664929573
-1
0.012620227291292722
-1
0.01191179890193244
-1
-1
0.01215182287614693
-1
-1
0.012547427386779804
-1
0.01100548831459127
-1
0.011818122328306861
-1
-1
0.011250856554697916
-1
-1
0.011514601451813319
-1
-1
0.010619405464668904
-1
0.011162158999079552
-1
-1
0.010334224623601188
-1
-1
0.009892414601278746
-1
0.010262462764488842
-1
0.009912349710535465
-1
0.008819064727814168
-1
-1
0.010700679050272738
-1
-1
0.009385468698349577
-1
0.009211544236225637
-1
-1
-1
-1
0.009214131744938006
-1
-1
0.009758877554942817
-1
-1
-1
-1
0.00866160353289982
-1
0.008566089751087972
-1
-1
0.008974811882430829
-1
-1
-1
0.008114734529546277
-1
-1
-1
0.009710441873976827
-1
0.007808918614625105
-1
0.008267784949575667
-1
0.008449984937370803
-1
0.007908036207944705
-1
0.007835885844704
-1
0.007267464960502647
-1
0.007751606873502416
-1
-1
-1
0.00784602413237003
-1
-1
-1
0.007899781858865975
-1
-1
0.007518502513761393
-1
0.006808385713450473
-1
0.007072475464207559
-1
-1
0.007090677987034499
-1
-1
