0.07696321578758596
0.07696326134730554
0.07696091199505302
0.07696347002993714
0.07696201541110508
0.07695658530849125
0.07695777049839896
0.07695783081989246
0.07695746984672971
0.07695313901837525
0.07695472128938195
0.07694946907145409
0.07694547330350812
0.07694849086498098
0.07694598423080615
0.07694465726414874
0.07695402759220658
0.07694417341780291
0.07695301529559366
0.07694304037200317
0.07694290125024876
0.07694780704438818
0.07693158183703178
0.07693194950078272
0.07693793715241226
0.07693966640395948
0.07693396623522242
0.07692584948975154
0.07691861802591778
0.07691766084700756
0.07691844534502264
0.07692475924247623
0.07692711740931317
0.0769105386627809
0.07691457170686106
0.07690161586073299
0.07692136923826086
0.07689849018785098
0.07690284193756851
0.07690230106192336
0.07690268062005329
0.0768866337221821
0.0768933166639842
0.07686492637430374
0.07687677816718086
0.07686896186097958
0.07687123092617384
0.07684834518517578
0.07685006371054193
0.07685659744160744
0.07683084409327177
0.0768418678462107
0.0768099495987584
0.07680883078373354
0.07679320316272217
0.07679462167361797
0.07676807448168374
0.07676010312375618
0.0767460906956934
0.07671841821054573
0.07669146565392712
0.07664992538486133
0.07664187469567382
0.07656739931595086
0.0765431331897897
0.07647586898973631
0.07642009964499016
0.07642569648130965
0.07627419161637271
0.07615031569466028
0.07602327756733034
0.07592785342498982
0.07568108297403246
0.0754078860803277
0.07510244352514865
0.07471216898452997
0.07426350461879128
0.07355671539604
0.07268287328409989
0.07202216299180199
0.07091175378829175
0.07038830234638035
0.07004059359331705
0.06950299469028125
0.06967797481137554
0.06891120122641922
0.06904786780045134
0.06874785593198508
0.06855125692745626
0.06820545616022462
0.06795999148906207
0.06799414338407113
0.06740732867361973
0.0675716574845176
0.06704724381920489
0.06674033873330777
0.06675055287197597
0.06676982341205623
0.06609944362682861
0.0654893940965954
0.06562806890908222
0.06530742459414
0.06487721950811373
0.06491118364185426
0.06398097459882299
0.06378959685497666
0.06355010252487421
0.0628056229886605
0.06290356273906003
0.06248303601364782
0.0625896769270865
0.06180658621883605
0.06186667279836064
0.061428597881427585
0.061407623577755116
0.06134720076962409
0.06052816920397276
0.060953014624410856
0.06063514515126999
0.060027983459438675
0.060480482222508215
0.06000370182810488
0.05943874033097435
0.0593196407458299
0.05935198952732214
0.05897416956971642
0.0588274864948672
0.058060828402207
0.058292264582585115
0.058219661001107745
0.05790830954146014
0.05741476290475553
0.057756917248324456
0.05778109791018649
0.05728017094406094
0.05697069003481111
0.05670700890980744
0.0562272777005134
0.05645964294340138
0.056027870719841694
0.05661818800630973
0.0556246093758496
0.05547909933102954
0.05551738643433841
0.05544634555655227
0.05534761581229739
0.05530288984090554
0.05515517179578344
0.0547676287674426
0.05448448073890533
0.054486903846927635
0.05471687715143828
0.05403529636578465
0.054237163146513875
0.05402944369411681
0.05389697907496667
0.05375630000651812
0.054243030367556025
0.053839895985439784
0.053470067749575675
0.053628013500392036
0.05364201833516824
0.05340013610228132
0.05297457162946263
0.05352069261610375
0.053114148237657435
0.05275128463859813
0.052795402987762655
0.05289331252431551
0.05273744409493189
0.05271186788788352
0.05221971841591238
0.05206958384715635
0.051970962692209764
0.05177220682258861
0.051652454188247036
0.05209333333777956
0.051284953321274244
0.051800882232215725
0.051853134902920116
0.05195083453554353
0.05139708633146732
0.05123725603842789
0.051318810618003384
0.05166306527526448
0.05081769355421342
0.05076633893567363
0.05025414918738112
0.05058361161790605
0.05040196193618604
0.05006158179323498
0.05050250594493806
0.05035924781404253
0.05017501827337694
0.04978305149184569
0.0504550580723514
0.04997357363690247
0.049570024942767646
0.04985768991483081
0.049762034681698264
0.04927948877912322
0.04892545566792478
0.048916607046445924
0.04930265119718284
0.04956192763186244
0.0490075551587383
0.04885334249063165
0.049131129658832845
0.048224172639953
0.048237712611599856
0.04812151398053413
0.04834690282498808
0.04796617432001704
0.04860895779191253
0.04806817013330608
0.04834714254451489
0.04843170202123562
0.047886080810912196
0.047932299314469164
0.04750440484431379
0.047875822015222835
0.04700585938243399
0.04722293705611027
0.04712045190063511
0.047578321878522435
0.0470518466889991
0.047018814697562986
0.04665352751258221
0.04686080501445949
0.04669629934104886
0.04650683737544546
0.04650862516963933
0.04627789657206206
0.04617835307174377
0.0456815043908185
0.045965603359027
0.04555736363332362
0.04581555782553878
0.045441358365566537
0.045358469810146004
0.045733468184757875
0.045444508716629986
0.0454270635787522
0.04512530944926171
0.045659037847030404
0.04513461332278687
0.044654375407637364
0.04465655546411374
0.04483399680568805
0.0444964684595775
0.044878241811403985
0.044817246227859125
0.044884773843272496
0.04417537876917153
0.043855143190757735
0.044407176042187184
0.04395588413378709
0.04374735713801564
0.04414659102669272
0.04385898171660629
0.04362817803576158
0.04364130325731562
0.04353189679455916
0.0434894123958851
0.04344411848117089
0.04312457832567942
0.043415074863518796
0.04333107788738005
0.04343942387863363
0.04310573188127547
0.0429967183180004
0.043017757031859165
0.0425295316695105
0.043022811811060574
0.04281656635896135
0.0431260606228376
0.04252883564921423
0.042123526162187876
0.04205131857326143
0.04220372033544001
0.042204160838987356
0.042087360287296746
0.041696248593468446
0.04202283125677725
0.041949556120785415
0.041677765412160714
0.041738348661658486
0.041849368850478616
0.04189979279359889
0.041274159429864524
0.04108485069067813
0.04091428721402429
0.04138499154545417
0.04081723650871778
0.04098020337339499
0.041125102231656524
0.04119522334605389
0.04043099465375488
0.04073188802048996
0.040099651364812874
0.040659981773531514
0.04034118050323563
0.040207151335172504
0.04066800504325493
0.04025009824066757
0.039640103940974364
0.04007828499134506
0.0400629909970447
0.03972910008080021
0.03989210214407779
0.039580329575623595
0.03931359020134388
0.039380702495840456
0.039300626456604766
0.039410788391640035
0.039262026920084965
0.03922748180035759
0.03916196722230295
0.038914713661760955
0.038878864212529965
0.038759586639818475
0.03828653491419514
0.038351403774158466
0.038518894933379844
0.0384537231152201
0.03851764798164368
0.03782233213528758
0.03813537135554316
0.03761038643480144
0.03788574460752823
0.037696163356304165
0.03798994823526965
0.038251215524822135
0.03751228277826628
0.03724869204257804
0.0372365317657955
0.037355262167204195
0.037211869112765604
0.03714884665601769
0.03707587791975994
0.036952633787369675
0.03649412161257856
0.03656666323974032
0.03686918452348901
0.036270626675843666
0.03649034752014751
0.036658942075508474
0.0361745455350005
0.036542197394875485
0.03599952085976611
0.036325624946894786
0.03596050191695547
0.035800489559271814
0.03540239226247261
0.03622015984459285
0.03532741746153757
0.0357774180432736
0.03552358219014244
0.035710815534427065
0.03504071522396232
0.03511344823977995
0.03473303692543958
0.035107768975812234
0.03472065334363876
0.034879024072917375
0.034769305394327724
0.03533795961492046
0.03462280181707412
0.034114665279210546
0.03421124773129058
0.03399887651802437
0.033535915430643506
0.033726033040701944
0.033388753849307784
0.03369349814735701
0.03415602920929547
0.03368835180566412
0.033293358387554144
0.033359198403318635
0.03285782399912985
0.03358737435897103
0.033232886412228664
0.03313848885701334
0.032900048060579126
0.03257237463393031
0.03287818356518756
0.03289658925713834
0.032733375592393706
0.032634608023582166
0.032212457251641693
0.03260162935357848
0.03160540561766295
0.03186227268558037
0.03166780856610141
0.03158492037408336
0.03191346875443756
0.031153153113705544
0.03171938182682396
0.03160961422994567
0.031655153657884266
0.030769349716786288
0.031231296384387663
0.030635779900248173
0.030685940464514665
0.03114383822692795
0.03053058839770229
0.030834639270713175
0.030447259459038884
0.030484809768790658
0.030471748226469503
0.029909373403325643
0.029827002551248982
0.029790603469036735
0.029911931931872943
0.029511738466493003
0.02926652113220474
0.029225615139030135
0.02910136072201559
0.029353779186816153
0.029473321019507993
0.028929764303671227
0.02884556400342813
0.028920154144078957
0.028915351816766247
0.029242311023955622
0.02905248032430631
0.028125850042382168
0.028360425325770156
0.028048399146355874
0.027730173498126606
0.027419163798187388
0.02850026656937825
0.02740975875896972
0.027862685337198073
0.02749963832608443
0.02717017370601805
0.027953985206915565
0.027359719758641748
0.026973947232593276
0.02716466937886182
0.026552158134485408
0.026723499640092286
0.026377173106835322
0.02639811373956684
0.025906710964700163
0.026175512359342755
0.026320937051041618
0.02681215280969783
0.025950288491319442
0.025773537582105942
0.025541662154739977
0.025493240490854448
0.026029153978804703
0.025122353764155458
0.025763562018827502
0.025908624905395944
0.02504402592338472
0.024449705234614674
0.025093725582539105
0.024849275478010455
0.024449604775296122
0.02439389806904546
0.024335243596066876
0.02420169187332182
0.024368382898265113
0.02381024721155321
0.023914877097132744
0.02375419257387087
0.023804661788602247
0.02318485045125231
0.023193340744400076
0.023592350155505083
0.023730910671895623
0.023161046114959703
0.023408653290075288
0.023382549453526736
0.022861691067339582
0.022364727326903186
0.022736115254413023
0.022600151165979677
0.0220577711662597
0.022726798256888222
0.021878299528353316
0.021853387912938615
0.022483597636712354
0.022075368091878888
0.021354647642800085
0.022131230859480017
0.021570680452456786
0.021193122802061634
0.020824557340979773
0.02089974053252285
0.021435393395943605
0.019818990005549448
0.021309643752980806
0.020641478053802308
0.02042141581329627
0.020514975447531267
0.02172759287557119
0.020355543042979055
