-1
-1
0.07588226559397938
0.07587702153803227
-1
-1
-1
-1
-1
-1
0.0758410281925411
-1
-1
-1
-1
-1
-1
-1
0.07577269302619684
-1
-1
0.0756694140801063
-1
-1
-1
-1
0.07516361037453452
-1
0.07474652740981554
-1
0.0741965410211584
-1
-1
-1
-1
-1
-1
0.07179853764209118
-1
-1
-1
-1
-1
0.06920914309365409
-1
-1
-1
-1
-1
-1
-1
-1
-1
-1
-1
-1
0.06607235421191206
-1
-1
-1
-1
-1
-1
-1
-1
0.06318399785639166
-1
-1
-1
-1
-1
-1
-1
-1
0.058020959476848225
-1
-1
0.05698570602542751
-1
-1
-1
-1
-1
-1
-1
-1
-1
-1
-1
0.05323346185160207
-1
-1
-1
-1
-1
-1
-1
-1
-1
-1
-1
-1
-1
-1
-1
-1
-1
-1
0.048780477387564525
-1
-1
-1
0.048313016839079806
-1
-1
-1
-1
0.04760075616312551
-1
0.04692952098427238
-1
-1
-1
-1
-1
-1
0.046305744569380206
-1
-1
-1
0.04578805103406801
-1
-1
0.045083241462707514
-1
0.04459783711276212
-1
0.04439015244389628
-1
-1
-1
0.04415788488073664
-1
0.0436305265898233
-1
-1
-1
-1
-1
-1
-1
-1
0.04255216713790055
-1
-1
0.041863884690043686
-1
-1
-1
0.041532947100125825
-1
-1
0.04168053949272239
-1
0.04084818009491805
-1
-1
-1
0.04085632525957548
-1
-1
-1
-1
-1
-1
0.03996764709661295
0.039557116319845015
-1
-1
0.03958933452983479
-1
0.03907903817983774
-1
-1
0.03845500139089731
-1
-1
-1
0.03854438800078172
-1
0.03812857316090511
-1
-1
0.037745529164324755
-1
-1
-1
-1
0.03700320301475106
-1
0.03697541187097739
0.036345665716862936
0.03629236624791072
-1
-1
0.03632582059273353
-1
-1
-1
-1
0.03601500943466857
0.03486590660535372
-1
0.0347099405330616
-1
0.03492330891745431
-1
-1
-1
-1
-1
-1
-1
-1
-1
-1
0.033822577340262276
-1
0.033755307223770646
-1
-1
-1
-1
-1
-1
-1
0.0329831084052285
-1
-1
-1
0.03273326334062514
0.032093533264411674
-1
-1
0.03219532675795503
-1
0.03142685945217426
-1
-1
-1
0.030982558308066902
-1
-1
-1
-1
-1
0.03058313385470883
-1
-1
0.030173420093871736
-1
-1
-1
-1
-1
0.02947699500964238
-1
-1
-1
-1
-1
-1
-1
-1
-1
-1
-1
-1
-1
-1
-1
-1
-1
-1
-1
-1
0.02884009041628995
-1
-1
-1
-1
-1
-1
-1
-1
-1
-1
-1
-1
0.027180044336633367
-1
-1
0.02718615017094455
-1
-1
-1
-1
-1
-1
-1
0.026600715197049655
-1
-1
-1
-1
-1
0.0259829472054492
-1
-1
-1
-1
-1
-1
-1
0.02479177488075508
-1
-1
-1
-1
-1
-1
-1
-1
-1
-1
-1
0.02416746097606617
-1
0.023953835165107646
-1
-1
-1
-1
-1
-1
-1
0.02337927467220432
0.02307804019241543
-1
0.021865796826697967
-1
-1
-1
-1
-1
-1
-1
-1
-1
-1
0.022038651148041526
-1
-1
-1
-1
-1
-1
-1
-1
0.021663143130449147
-1
0.02113875885586162
0.020355364555840964
-1
-1
-1
0.01967242248765715
-1
-1
-1
-1
-1
-1
-1
-1
-1
-1
-1
-1
-1
-1
-1
-1
-1
-1
-1
-1
0.020089121480564496
-1
-1
-1
-1
-1
-1
0.018966805666357604
-1
-1
0.018373395649941414
0.017985344561901723
-1
-1
0.017581096317741896
-1
-1
-1
-1
-1
0.016571269320262656
-1
-1
-1
-1
-1
-1
0.017055806962998358
-1
-1
-1
-1
-1
-1
-1
-1
-1
0.016552571398871285
-1
0.015836454482523948
-1
-1
0.015286163743380663
-1
-1
-1
-1
-1
-1
-1
-1
0.015422283546937691
-1
-1
-1
-1
-1
-1
-1
-1
-1
-1
-1
-1
-1
0.0150032541679812
-1
-1
-1
0.015210231793123287
-1
-1
0.013815697254715384
-1
0.01330311975800074
-1
-1
-1
-1
-1
-1
-1
0.013347174543273317
0.01268421395466878
-1
-1
-1
-1
-1
0.012440773106210834
0.012794182470047866
-1
-1
-1
0.012115488471565666
0.01119358866424351
-1
-1
0.010967981864462841
-1
0.010848861507007054
-1
0.01077617306303192
