0.07328710654255156
-1
-1
-1
-1
-1
0.07325326065892136
-1
0.07324806608064344
-1
-1
-1
-1
-1
-1
-1
-1
-1
0.07315974467702573
0.07313212178619613
-1
-1
-1
-1
-1
-1
-1
-1
-1
0.07158640136433005
0.07131746217106166
-1
0.07071663101067704
-1
-1
-1
0.06901131497786733
-1
-1
0.06734336427088534
-1
-1
-1
-1
-1
-1
-1
-1
0.06295817773440358
-1
0.06243032163448549
-1
-1
-1
-1
-1
-1
-1
-1
0.06076264399267761
-1
-1
-1
0.059479044037365286
-1
-1
0.058776484267988455
-1
0.05794513167513444
-1
-1
0.05687640650888507
-1
-1
0.05571114173096217
-1
-1
0.054754709572381294
0.05436312196853009
-1
-1
-1
0.053133749158194896
-1
-1
-1
-1
-1
-1
-1
-1
-1
-1
-1
-1
-1
-1
-1
-1
-1
-1
0.04848182496060146
-1
0.04813163311740432
-1
-1
-1
0.04686072037907575
-1
0.046817692433403675
-1
0.0460363352789861
-1
-1
-1
-1
-1
-1
-1
-1
-1
-1
-1
0.04401707707272933
-1
0.04349002672938372
-1
-1
-1
0.04312794065654054
-1
-1
0.04255007148235478
-1
0.04232409750477652
-1
-1
-1
-1
-1
-1
-1
-1
-1
-1
0.04107348046052768
-1
-1
-1
-1
-1
-1
-1
0.0401464221852549
-1
-1
-1
-1
-1
-1
0.039350508817572724
-1
-1
-1
-1
-1
0.03860880181137542
-1
0.037971601102236054
-1
-1
-1
0.037795748402563376
-1
-1
-1
-1
-1
0.03702982206469618
-1
-1
-1
-1
-1
-1
-1
-1
-1
-1
-1
-1
-1
0.035908248696880835
-1
-1
-1
0.035564231493053364
-1
-1
-1
-1
0.035094582588038645
-1
-1
-1
-1
-1
-1
0.034342627601230635
-1
-1
-1
0.034072939197668864
0.033575857980420974
0.03300721665446678
-1
-1
-1
-1
-1
0.03320296437999282
-1
-1
-1
-1
-1
-1
-1
-1
-1
-1
-1
-1
-1
0.031966031959440824
-1
-1
-1
-1
-1
-1
0.03120360700378704
-1
-1
0.030944783522395155
-1
0.03025936816962024
0.030287292655487633
-1
0.030363484647836576
-1
-1
-1
-1
-1
-1
-1
-1
-1
0.029887483026204486
-1
-1
-1
-1
-1
-1
-1
-1
-1
0.02887933879309379
-1
-1
-1
-1
-1
-1
-1
-1
-1
-1
-1
-1
-1
0.0278518386213074
-1
-1
-1
-1
-1
-1
-1
-1
-1
-1
0.027223530188481903
-1
-1
-1
-1
-1
-1
-1
-1
0.026344913701886095
-1
-1
-1
-1
0.02576877473668659
-1
-1
0.0254231774851624
-1
-1
-1
-1
-1
-1
0.02472272591197982
0.024566930074816785
-1
-1
-1
0.024423988593205083
-1
-1
0.023682772622126317
-1
-1
-1
-1
-1
0.02398401003205374
-1
0.022605115543590504
0.02255393396156111
-1
-1
0.02249971759899725
0.021970945228351635
-1
0.02154100667894556
-1
-1
-1
0.021245110782791166
-1
-1
-1
-1
-1
-1
-1
-1
-1
-1
-1
0.020853099572971073
-1
-1
-1
-1
-1
0.020480536030472885
-1
-1
-1
-1
-1
-1
-1
-1
-1
-1
-1
0.019584806793637936
0.01899685538775019
-1
0.018627448938089364
-1
-1
-1
-1
-1
-1
0.019205091078852893
-1
-1
-1
0.01831702540318171
0.017729150646188286
-1
-1
-1
-1
-1
-1
-1
-1
-1
-1
0.01721326731675573
-1
-1
-1
-1
-1
-1
-1
0.01706132817915763
-1
-1
-1
-1
-1
-1
0.016516335648990303
0.01630272296595663
-1
-1
-1
-1
-1
-1
0.015986458851157057
-1
-1
0.015495825344033902
-1
-1
-1
-1
0.015371783552098364
-1
-1
-1
-1
-1
-1
-1
-1
-1
-1
-1
-1
-1
0.015030208525809455
-1
0.014114547255780367
-1
-1
-1
-1
-1
0.014449599491299762
-1
-1
-1
-1
-1
-1
-1
-1
0.013940450325887302
-1
-1
-1
-1
-1
-1
-1
-1
-1
-1
-1
0.01451936803953478
0.012972360168503465
0.012262710775440552
-1
-1
-1
-1
-1
0.012743341713474039
-1
-1
-1
-1
-1
0.012135667021801409
-1
-1
-1
-1
-1
-1
-1
-1
-1
0.012523973808529673
