0.07462286444513637
-1
-1
0.07461437509590296
-1
-1
0.07459952795222305
-1
-1
0.07459130554940736
-1
-1
0.07457149085421799
-1
-1
0.07456671311067453
-1
-1
0.07453486636184462
-1
-1
0.07449953447922775
-1
-1
0.07442613265941776
-1
-1
0.07428883105580802
-1
-1
0.07394021839611474
-1
0.07349326656910049
-1
-1
-1
-1
0.07006094368178695
0.06999691783995658
-1
-1
0.0692057309346374
-1
-1
0.06839749550458937
-1
-1
0.06759675584138083
-1
-1
0.06640379331024368
0.06600704234310668
-1
-1
-1
-1
0.06372267973345763
0.06337243928765117
-1
-1
-1
-1
0.06139375468309703
0.061055933322041386
-1
-1
-1
-1
0.05842680019642313
0.057936215143224334
-1
-1
-1
-1
0.0556171888409114
0.05539162622414707
-1
-1
-1
0.05404158004159289
0.05402717466745727
-1
-1
-1
-1
-1
0.0527871384219011
-1
0.052120858701207466
-1
-1
-1
0.05140335987247607
-1
0.05095483927180906
-1
0.050630105545917285
-1
-1
0.050561146087316926
-1
-1
0.04983699991172642
-1
-1
0.049306045907105016
-1
0.04918498972322204
-1
-1
-1
0.04854625553600731
-1
-1
0.04815219437329352
-1
-1
0.04795736777344739
-1
-1
0.04734117593415097
-1
-1
0.047046474864621914
-1
-1
0.046458773376102325
0.04644359260089454
-1
-1
-1
-1
0.04562650797948981
-1
-1
0.04532623517590517
0.044951167425893036
-1
-1
-1
-1
0.044666307430802875
-1
0.044534525500517945
0.044017419135338805
-1
-1
-1
-1
-1
-1
0.04328680378314485
-1
0.042835799355228826
-1
-1
0.042657498510043516
-1
-1
0.042206388261354255
-1
-1
-1
0.041946745691237644
0.04138728140754783
-1
-1
-1
0.040910569843926645
-1
0.040544293070972355
-1
-1
-1
0.04018815436579496
-1
-1
-1
0.03941574786703221
-1
0.03934177621136989
-1
0.03929338017498701
-1
-1
-1
0.03847872289159128
0.03803719001506369
-1
-1
0.03783379134040157
-1
-1
-1
0.037607844087011615
-1
-1
0.036802771874174446
-1
0.03633543361082963
-1
-1
0.036444722833695216
-1
-1
-1
0.03585319140559911
-1
0.035269136974672516
-1
-1
0.03488817042459937
-1
-1
-1
-1
0.03460648883753667
-1
0.03386490419667946
-1
0.03354538421651457
-1
-1
-1
0.033160782504030234
-1
0.0337171619705711
-1
-1
0.03252393313669489
-1
0.03227892910687506
-1
-1
0.03276473469147157
-1
-1
0.03214443811330116
-1
-1
0.0314251204288804
-1
-1
0.030966014146289866
-1
-1
0.030638454980005714
-1
-1
0.029955675174556592
-1
-1
-1
0.030377688340955368
-1
-1
0.02999321222305298
-1
0.029430682097861368
-1
-1
0.029166144827787097
-1
-1
-1
-1
0.029018859317441737
0.028427126134703537
-1
-1
0.028047395151583214
-1
0.027869752364848652
-1
-1
-1
0.02631890677221393
-1
-1
-1
0.027034308470093665
-1
0.026664594646149013
-1
-1
0.026257424812852436
-1
-1
0.025952011076471975
-1
0.02586788511945671
-1
-1
-1
0.025509045371226564
-1
-1
0.025256847241012376
-1
-1
0.024704128645408746
-1
-1
-1
0.0242264675012675
-1
0.024243952362892698
-1
-1
0.023705972734331827
-1
-1
-1
0.02298936121664603
-1
-1
0.022643779150610607
-1
0.022654749546401187
-1
-1
-1
0.022639088368055373
0.021687157249347697
-1
-1
-1
0.02183401261498552
0.021603230317776972
-1
-1
-1
0.02003364797287317
-1
-1
0.02100192003322214
0.01954078400109293
-1
-1
-1
-1
0.019890406322273273
-1
-1
0.01917486306658059
-1
0.019008776178627753
-1
-1
0.019157793248961347
-1
-1
0.019128721321633256
0.018109134637768788
-1
-1
-1
-1
0.01804321208731402
-1
-1
0.017121156786224497
-1
-1
-1
0.017081735696699914
-1
0.016859779164162876
-1
-1
0.017135956838372973
-1
-1
-1
0.016331045783364233
-1
-1
0.016853395001419677
-1
-1
0.01577067352654352
-1
-1
0.016028587027708346
-1
0.015232123495693082
-1
-1
0.01533031656082969
-1
-1
0.014889487881639863
-1
-1
-1
-1
0.015126040986624442
-1
-1
0.014512204541372172
-1
0.013425961973600202
-1
0.01315777397052773
-1
0.013216857763397514
-1
-1
0.013820825626602957
-1
-1
-1
0.012983647439443781
-1
-1
0.012993970172194115
-1
0.012428948247793168
-1
-1
0.012687354839002598
-1
-1
0.01227016755365656
-1
-1
0.011846365263086158
-1
-1
0.011555243317303338
-1
0.011683803594009409
-1
-1
-1
0.011234457760276855
-1
0.011341807420001432
-1
-1
0.010668584799341713
-1
-1
0.01019613039609423
-1
0.010589347287336641
-1
0.010079528489522233
-1
-1
-1
0.01006649678198874
-1
-1
-1
0.01021217114209614
-1
0.009907952272866252
-1
-1
-1
0.009539073731420364
-1
0.009607804265702001
-1
-1
-1
-1
-1
0.009475150047831607
-1
0.009284867989965443
-1
0.008958732483196466
-1
-1
0.00875288356763369
-1
-1
0.008498695246537355
-1
-1
0.009186647462278411
-1
-1
0.00832617553614772
-1
-1
-1
0.00795068989706992
-1
0.0075152709524973944
-1
0.007313697275828337
-1
0.007545847356415979
-1
-1
-1
0.00752478954472758
