-1
-1
-1
0.07630764818981865
-1
0.07629723259098622
-1
0.07629545683360231
-1
-1
0.07628418398166888
-1
0.07627831387915006
-1
0.07626507993561128
-1
-1
-1
-1
-1
-1
-1
-1
-1
-1
-1
-1
-1
-1
-1
-1
0.07462685477009136
0.0743377296964108
-1
-1
-1
0.07275676753639516
-1
0.07208416238015529
-1
0.07120407694611101
-1
-1
-1
-1
-1
-1
-1
-1
0.06779725834809615
-1
-1
0.0670775566311831
-1
-1
-1
-1
-1
0.06604429924685652
0.06604394754652161
-1
-1
-1
-1
-1
-1
-1
-1
-1
-1
-1
-1
-1
-1
-1
-1
-1
-1
-1
-1
0.06056743181871446
-1
0.05988524631900682
-1
0.059722806867314966
-1
-1
-1
-1
0.058688254251005906
-1
0.05789319072639086
-1
-1
-1
-1
-1
0.056580509467678175
-1
0.05665803969894325
-1
-1
-1
0.05569077144011608
0.05536349326866107
-1
-1
-1
-1
-1
0.054598772130618436
-1
0.054215987347766184
-1
-1
-1
-1
0.05295429400976192
-1
-1
-1
-1
-1
-1
-1
-1
-1
-1
-1
-1
-1
-1
-1
-1
-1
-1
-1
0.050658189262474444
-1
-1
-1
0.049689184302124524
0.04975801666797196
-1
0.04904294060080091
-1
0.048988087006036754
-1
-1
-1
-1
-1
0.04860139657120678
-1
-1
-1
-1
-1
-1
-1
-1
-1
-1
0.04718985580607672
-1
0.046857131647141594
-1
-1
-1
-1
-1
0.045289463529270664
-1
-1
-1
0.045014893350021616
-1
-1
-1
-1
-1
-1
-1
-1
-1
-1
-1
-1
-1
-1
-1
0.043567910675185825
-1
-1
-1
-1
-1
-1
-1
-1
-1
-1
-1
-1
-1
-1
-1
-1
-1
-1
0.04051881784892214
0.040499324166313716
-1
0.039955101289801835
0.03992892954889582
-1
-1
0.03970454121162878
-1
-1
-1
-1
-1
-1
-1
-1
-1
0.03808970457941129
-1
-1
-1
0.03725971339157273
-1
-1
-1
-1
-1
-1
-1
-1
-1
-1
-1
-1
-1
0.03586214767635198
-1
0.03495855938993107
-1
-1
-1
-1
-1
-1
-1
-1
-1
-1
-1
-1
-1
-1
-1
-1
-1
0.03429842576466872
-1
-1
-1
-1
-1
-1
-1
-1
-1
-1
-1
-1
-1
-1
0.03213609738573844
0.0321403686348246
0.03249745666980743
-1
-1
-1
0.031058005190027355
-1
-1
0.030852535778646314
-1
-1
-1
-1
-1
-1
-1
-1
-1
-1
-1
-1
-1
0.03029141529818266
-1
-1
-1
-1
0.02941057074465146
0.029311429433401117
-1
-1
-1
-1
-1
-1
-1
-1
-1
-1
-1
-1
0.028468445256270097
0.02831691198092139
0.0276372526972992
-1
0.027539904637889967
-1
-1
0.027061928644035404
-1
-1
0.026347572796911165
-1
0.026043824011778963
-1
-1
-1
-1
-1
-1
-1
-1
-1
0.026379594132715824
-1
-1
0.02525440079895831
0.02533677265624315
-1
-1
-1
-1
0.025534642458949958
-1
-1
-1
-1
-1
-1
-1
-1
-1
-1
-1
-1
-1
0.02422449079995656
0.023200529245711164
-1
0.022938217971864985
-1
0.023296799218457048
-1
-1
-1
-1
-1
0.022260632005762
-1
-1
-1
-1
0.02240659812702
-1
-1
-1
-1
0.022784358345342603
-1
-1
-1
-1
-1
-1
-1
0.021404792047337275
-1
-1
-1
-1
-1
-1
-1
-1
-1
-1
0.021010355532004688
0.021184084438898944
-1
-1
0.021102164228812108
-1
-1
-1
-1
0.02036671442550849
-1
-1
-1
-1
-1
-1
-1
-1
-1
-1
0.019856827529095813
-1
-1
-1
-1
-1
-1
-1
-1
-1
-1
-1
0.018441894732786148
0.0196768286951833
0.017674624318905298
0.018432373135705678
0.017330073252402618
-1
-1
-1
-1
0.017407279939118014
-1
-1
-1
-1
0.01782040623587798
0.016435899293225115
-1
-1
0.016206697220219436
-1
0.016679578150998162
-1
-1
-1
-1
0.016254723568071318
-1
-1
0.015832165459901588
-1
0.015651906281709673
0.01485139813726943
-1
0.014500205351544018
-1
-1
0.0147695017474297
-1
-1
0.013332564375512508
-1
-1
-1
-1
-1
0.0149459690256919
-1
-1
-1
-1
-1
-1
0.014494079242342086
-1
-1
-1
0.013703832701260214
-1
-1
-1
0.014201485341960224
