0.07406757958133482
-1
-1
-1
0.07405744672780382
-1
0.07405563679201674
-1
0.07404791062383166
-1
-1
-1
-1
0.07402556217387918
-1
-1
0.07399828286976341
-1
-1
-1
-1
0.07390428497069004
-1
-1
-1
-1
-1
0.07333566803714865
-1
-1
-1
-1
-1
-1
-1
0.07082931158050455
0.07043536354964923
-1
-1
-1
-1
-1
-1
0.06652370969347915
-1
0.0657540254234948
-1
-1
0.0646673489511812
0.0643062303916379
-1
-1
0.06394971829636806
-1
0.0635302760965383
0.06343216199337957
-1
0.06302325489054417
0.06290238408556573
0.06291989704878656
-1
-1
-1
0.062471680730661186
-1
-1
-1
-1
-1
-1
0.06083515808984997
0.06044370361051994
-1
-1
-1
-1
-1
-1
-1
0.05823242057104852
0.05816818312729331
-1
0.057740271954370245
-1
-1
-1
0.05688704319358192
-1
-1
-1
-1
-1
-1
-1
-1
0.05558039336677531
0.055050772700169136
-1
-1
-1
-1
-1
0.054445935510118906
-1
-1
-1
-1
-1
-1
-1
0.053064839450028246
0.052576006705255994
-1
-1
-1
-1
-1
-1
-1
0.05146648621750901
0.05119710793124447
-1
-1
-1
-1
-1
-1
-1
-1
-1
-1
0.049217623232516786
0.04865959425713996
-1
-1
-1
-1
-1
-1
-1
-1
-1
-1
-1
-1
-1
0.04656406867919594
-1
-1
-1
0.04617262628059285
-1
-1
-1
0.04540985998455385
-1
0.04494902186355386
-1
-1
0.044205044805204576
0.044680901443031454
0.043644085198880515
-1
-1
-1
-1
-1
-1
-1
-1
-1
-1
-1
-1
-1
-1
0.04192008674943735
-1
-1
-1
-1
-1
-1
-1
-1
-1
-1
-1
-1
0.04016614944621641
0.0404568198858573
-1
-1
-1
-1
-1
0.039641888148023996
-1
-1
-1
0.03891468623368414
-1
-1
-1
-1
0.038589692978692754
0.03783190621128031
-1
-1
-1
-1
-1
-1
-1
-1
-1
-1
-1
-1
-1
-1
-1
-1
0.0368739334571777
-1
-1
-1
-1
-1
-1
-1
-1
-1
-1
-1
-1
-1
-1
-1
-1
-1
-1
-1
-1
-1
-1
-1
-1
-1
-1
-1
-1
-1
-1
0.03435847430062997
-1
-1
-1
-1
-1
-1
0.03318429418287712
-1
0.032520974673151015
-1
-1
-1
0.03210292357861517
-1
-1
-1
0.03164517342564887
-1
-1
-1
-1
-1
-1
-1
-1
0.030876409432204096
-1
-1
-1
-1
-1
-1
0.030688249265859974
-1
-1
-1
0.029011461434351536
-1
-1
-1
-1
-1
0.029071470304085165
0.028239327141810357
-1
-1
-1
-1
-1
-1
-1
-1
-1
-1
0.02726210413285938
-1
-1
-1
-1
-1
-1
0.02732060645924177
-1
-1
-1
-1
0.02644535018675449
-1
0.026105903460576767
-1
-1
-1
-1
-1
-1
-1
0.026255705193603963
-1
-1
0.02500881702906325
-1
0.024334079922044567
-1
-1
-1
-1
-1
-1
-1
-1
-1
-1
-1
0.023963031787974584
-1
-1
-1
-1
-1
0.022880849761553808
-1
-1
-1
0.02292214721521168
-1
0.02251920914202529
-1
0.021895107682844268
0.021938633774944028
-1
-1
-1
-1
-1
-1
-1
-1
-1
-1
-1
-1
-1
-1
-1
-1
-1
-1
-1
-1
-1
-1
-1
-1
-1
-1
0.02085708756868705
-1
-1
-1
-1
-1
0.020569079379293937
-1
-1
-1
-1
-1
0.01882535297493513
-1
-1
-1
-1
0.018981381859280787
-1
-1
0.018941000687213112
-1
-1
-1
-1
-1
-1
-1
-1
-1
-1
-1
-1
-1
-1
-1
-1
-1
-1
-1
-1
0.018191590106199636
0.017124696743072838
-1
0.017208620993765047
-1
0.017578352504377392
0.016832865650788068
-1
-1
-1
0.016073210797105334
-1
-1
-1
-1
-1
0.01700960293851653
-1
-1
0.015532888939489307
-1
-1
0.015580830553261909
-1
-1
-1
-1
-1
0.01486724401367254
-1
-1
-1
-1
-1
-1
-1
0.01591896543394145
-1
0.014045600653014297
-1
-1
-1
-1
-1
-1
-1
-1
-1
0.014271626527603446
-1
-1
0.01431882840059398
-1
0.013763695228195703
-1
-1
-1
-1
-1
-1
-1
-1
-1
0.013599868466323566
-1
-1
-1
0.012953976080340929
-1
