-1
-1
-1
0.0745112677074614
-1
-1
-1
-1
-1
-1
-1
-1
-1
-1
-1
-1
0.07443563860938664
-1
-1
-1
-1
-1
-1
-1
-1
-1
-1
-1
-1
-1
-1
-1
-1
-1
-1
-1
-1
0.06933832609085809
-1
-1
-1
-1
-1
0.06689259697142101
-1
0.06592995366596041
-1
0.06501155994051978
-1
-1
-1
-1
-1
-1
-1
0.06310150550660633
-1
0.0627886098680042
-1
-1
-1
-1
0.06131666896456763
-1
0.060497312500363304
-1
0.059784148852030435
-1
-1
-1
0.05852719061715262
-1
-1
-1
-1
-1
-1
-1
-1
-1
0.055335947172982354
-1
-1
-1
-1
-1
-1
-1
-1
-1
-1
-1
-1
0.05266019371577672
-1
0.051956622032892134
-1
-1
-1
-1
-1
0.050808764321463445
-1
-1
-1
0.05021742044176374
-1
-1
0.04935046541123163
-1
-1
-1
-1
-1
0.04848414275759742
-1
-1
-1
-1
-1
-1
-1
-1
-1
-1
-1
-1
-1
-1
-1
-1
-1
-1
0.045667486508687336
0.0457347693216233
-1
-1
-1
-1
-1
-1
-1
-1
-1
-1
-1
0.0446656402860369
0.04378283882141114
-1
-1
-1
-1
-1
0.043351616496131534
-1
0.04295837148030599
-1
-1
-1
-1
-1
-1
0.04238199903851464
0.04201959848403931
0.04180049433026995
-1
0.041353942280723935
-1
-1
-1
-1
-1
-1
-1
-1
-1
-1
-1
-1
-1
-1
-1
-1
-1
-1
-1
0.039757788045065745
-1
-1
-1
-1
0.03954348382495698
0.038722876208169124
-1
-1
-1
0.03863280237288702
-1
-1
-1
-1
0.038538043430873324
-1
-1
-1
-1
-1
-1
-1
-1
-1
-1
0.03719991724831718
-1
-1
-1
-1
-1
-1
-1
-1
0.03670972851344517
0.03613825586863926
-1
0.03627395529974074
-1
-1
-1
-1
-1
0.03560079558690389
-1
-1
-1
-1
-1
-1
-1
-1
0.034407079515003026
-1
-1
-1
-1
-1
-1
-1
-1
0.033460987863086517
-1
-1
0.033673754351479665
-1
-1
-1
-1
-1
-1
-1
-1
-1
-1
-1
-1
0.032420860449473066
-1
-1
-1
-1
-1
-1
-1
-1
-1
-1
-1
-1
-1
-1
-1
0.031270543847765245
-1
-1
-1
-1
-1
-1
0.02989278087161836
-1
-1
-1
-1
-1
0.029561874071756998
-1
0.029285856996263775
-1
-1
-1
-1
-1
-1
-1
-1
0.028452913636252995
-1
-1
-1
-1
0.028278133630752565
-1
-1
-1
-1
-1
-1
-1
-1
-1
0.026895615679877142
-1
-1
-1
-1
-1
-1
-1
0.026343758866900487
-1
-1
-1
0.025828591028849282
-1
0.02543526171502613
-1
-1
0.025068671805518014
0.02447205863680158
-1
-1
-1
0.023532025473458427
0.023642994176773797
-1
0.022649382460685003
-1
-1
-1
-1
-1
-1
0.022612708602632793
-1
-1
0.022499224855786277
-1
0.02157912446771349
-1
0.021966269572575886
-1
-1
-1
-1
-1
-1
0.020506256483850027
-1
-1
-1
-1
0.020458985476266768
-1
-1
-1
-1
-1
-1
-1
-1
0.020404718098186312
-1
0.01975923136302403
-1
0.018580854875700815
0.018087778511501493
-1
-1
-1
0.018553459684054058
-1
-1
-1
0.018401670671644665
0.017479335160482497
-1
-1
-1
-1
-1
-1
-1
-1
0.01725004289831434
-1
-1
-1
0.01630941374528976
-1
0.016399202369508287
-1
0.015822801334517342
-1
-1
-1
0.01597515024599575
-1
-1
-1
-1
-1
0.015630127742176963
0.015475864875884282
0.014314913670221965
0.014535268687066578
-1
0.014222361277966273
-1
-1
-1
-1
0.013977488696575165
-1
-1
-1
0.01359249515476681
-1
-1
-1
-1
-1
-1
-1
0.013279077251752217
-1
-1
-1
0.01265420075399535
0.012954015595572336
-1
-1
-1
-1
-1
-1
-1
-1
-1
-1
-1
-1
-1
-1
-1
0.012210884799559911
-1
0.012348964163235256
-1
-1
-1
-1
-1
0.012807657775424775
0.012005316775469552
-1
0.011131595875535692
-1
-1
-1
0.010926803312131335
-1
-1
0.010963213750294278
-1
-1
-1
-1
0.010786412318547567
-1
-1
-1
-1
0.010556550218945459
-1
-1
-1
0.01016121461561748
-1
0.010290052631071637
-1
-1
