-1
0.037535961357080885
-1
-1
-1
-1
0.032101934672521315
-1
-1
-1
-1
-1
-1
-1
-1
0.02965727686322351
0.029178740552893268
-1
-1
-1
-1
0.02797583710979408
-1
-1
-1
-1
-1
-1
-1
0.02592575964233685
-1
0.025275998384180206
0.025203081643637357
-1
-1
-1
-1
0.024246081220152232
-1
-1
-1
-1
-1
0.023210286758315393
-1
-1
-1
-1
-1
-1
-1
0.022541601948894804
-1
0.022552286515213515
-1
-1
-1
0.02212233705699724
-1
-1
-1
-1
-1
-1
-1
0.021538620375691448
-1
0.02135387675862917
0.02110215380717891
-1
-1
-1
-1
-1
0.020545234254828085
-1
-1
-1
-1
0.02033678324009891
-1
-1
-1
0.02025090993290216
-1
-1
-1
0.019746187371267397
-1
-1
-1
-1
0.019651058134338664
0.01944917082226892
-1
-1
-1
-1
-1
-1
