-1
-1
-1
0.06180821354006543
-1
-1
0.04839575864650585
-1
0.04212519770787086
-1
0.039982024607834996
-1
-1
-1
-1
-1
-1
0.034167395138446195
-1
-1
0.032799067909334914
-1
-1
0.031160608427024183
-1
-1
0.030593397617340087
-1
-1
0.029841516371126527
-1
0.029589470875116042
-1
-1
0.02824029628141427
-1
0.027998403546250897
-1
-1
-1
-1
-1
0.02636094517178006
-1
0.025470856487015147
-1
-1
0.024910405594625592
-1
-1
0.024629872882807696
-1
-1
-1
-1
-1
0.02385682068489216
-1
0.022803524872403086
-1
0.02283970500216072
-1
-1
0.02227019320299596
-1
-1
0.022472866081897122
-1
-1
0.021787886332582544
-1
-1
-1
-1
0.02141869932781031
-1
0.021303506706967765
-1
0.021183384090294074
-1
0.021095803144537375
-1
0.02067651708920797
-1
0.019724773948575244
-1
0.020004789851329946
-1
-1
0.019648031481990107
-1
-1
-1
-1
0.01934351944261127
-1
0.01874180175639965
-1
-1
-1
-1
0.018843928899294066
-1
-1
0.01861060683374052
-1
-1
0.018156783797858674
-1
0.01801261881619324
-1
-1
-1
0.017562669386834272
-1
-1
0.01766158843849912
-1
-1
-1
-1
-1
-1
-1
0.017246708888330575
-1
-1
0.017052604990240968
-1
0.01677020204287988
-1
-1
-1
-1
-1
-1
0.017163812860294624
-1
-1
-1
-1
-1
-1
0.01634937345245738
-1
-1
0.016230644138506903
-1
-1
-1
0.016259665936231613
-1
-1
0.015688886841138203
-1
-1
0.015413778990875055
-1
-1
-1
-1
0.01552862149697763
-1
-1
0.01570876717199514
-1
-1
0.015222048509268112
-1
0.015384041081976007
-1
-1
0.015234987717351796
-1
0.015092639985643787
-1
0.01461452231363014
-1
0.014942002925607894
-1
0.014799481332302092
-1
-1
-1
-1
-1
0.014977816803219877
-1
-1
-1
0.014493273732102947
-1
-1
-1
-1
0.014554781391296857
-1
-1
0.014294298107241407
-1
0.014562389015415568
-1
-1
-1
0.014207370365843361
-1
-1
0.013871166735519597
-1
-1
0.014057467964328366
-1
-1
0.013665810017674059
-1
0.013573703824737927
-1
0.01344099779555827
-1
-1
0.013355727149748507
-1
-1
-1
-1
-1
0.01329389535718494
-1
-1
-1
-1
0.01297862140484798
-1
0.013079547587736154
-1
0.013224178710837423
-1
0.012886532806319954
-1
0.01257033063121784
-1
0.012574570421819333
-1
-1
0.012798660261395537
-1
0.01270614155648667
-1
-1
0.012418723676675632
-1
-1
0.012376271447649708
-1
-1
-1
0.012168458887824305
-1
0.012316491969941576
-1
0.012081147614452574
-1
-1
0.012203916495228992
-1
0.011890205228586255
-1
0.01177713171199516
-1
-1
-1
-1
-1
-1
0.011877614784019965
-1
0.01170604568572692
-1
0.011489297175480997
-1
0.011426889291148127
-1
0.011473335634779046
-1
-1
0.011148224197052142
-1
0.010983285307884217
-1
-1
-1
0.0111341154170625
-1
0.011117265066246926
-1
-1
0.01165201602342688
-1
-1
0.011064201145444387
-1
-1
-1
0.011174099461899864
-1
0.010515494856201572
-1
0.010704928678862842
-1
-1
0.01117919378373542
-1
-1
0.009991859256485361
-1
0.010265534937749673
-1
0.010463557591040928
-1
-1
0.01020420883356789
-1
0.010278375909468274
-1
-1
-1
-1
-1
0.009869903202778028
-1
0.01031462906871313
-1
-1
0.009570604761441549
-1
0.0098430431422628
-1
-1
0.009461172407056078
-1
0.009522289680661978
-1
0.00919517694524041
-1
0.00970144859480637
-1
0.009406251572532418
-1
0.009313807957058336
-1
0.009444016210366914
-1
-1
0.009512524365183012
-1
-1
0.009526399804026257
-1
0.00912333537215068
-1
0.009119630944397715
-1
0.00875443879192994
-1
0.008280057703823219
-1
-1
-1
-1
0.008952919115530856
-1
0.009230373716326776
-1
-1
-1
0.009112240516661126
-1
-1
0.00852694523739226
-1
0.008506600198531408
-1
-1
0.008733281142733714
-1
-1
-1
0.008256260072467504
-1
-1
-1
0.00811091662189107
-1
-1
-1
0.008485170404116314
-1
-1
0.008529064894458394
-1
0.007922032021537975
-1
-1
-1
-1
-1
0.008413814758353027
-1
0.007845096522367295
-1
-1
0.007775769771111232
-1
-1
0.007999530217529815
-1
-1
0.008477872969973602
-1
-1
-1
-1
-1
0.007829023675740133
-1
0.007958773406291449
-1
-1
0.007575503876777711
-1
0.007385482361747159
-1
0.007210449328025182
-1
-1
-1
-1
-1
-1
-1
-1
-1
-1
0.008137819698241391
-1
-1
-1
0.0074748257793670085
-1
-1
0.007617376648625473
-1
0.007031194420393418
-1
-1
-1
0.007604812410671586
-1
0.007681430154882464
-1
0.007471869632049843
-1
0.0070883130295961
-1
-1
-1
-1
0.007451558154950171
-1
0.006902731326581151
-1
-1
0.0067302707924197114
-1
0.007126393661270907
-1
0.007336711124919446
-1
0.006110978445360138
-1
-1
-1
0.0066986708704060245
-1
-1
0.006348437134774379
-1
0.006372725253027898
-1
-1
0.006683715861290694
-1
-1
-1
-1
-1
-1
0.00691315242158318
-1
-1
