-1
-1
-1
-1
0.032339981581161845
-1
-1
0.03181918964578163
-1
-1
-1
-1
0.030642369952550163
-1
-1
-1
-1
0.02943109685287668
-1
-1
-1
-1
0.027978393893398026
-1
-1
-1
-1
-1
0.026762982159477637
-1
-1
-1
-1
0.026028659061460714
-1
-1
-1
-1
-1
0.024889658260105238
-1
-1
-1
0.024248796506252338
-1
-1
-1
-1
0.023886632619036237
-1
-1
-1
-1
-1
-1
0.022893313436724377
-1
-1
-1
-1
0.022515786685030768
-1
-1
-1
-1
0.022161056352802726
-1
-1
-1
-1
-1
-1
0.021506654195281062
0.02148782327133102
-1
-1
-1
-1
-1
-1
0.021036919418450265
-1
-1
-1
-1
-1
0.02108980702513111
-1
-1
-1
-1
-1
0.02038055763436805
0.019951877035482103
-1
-1
-1
-1
-1
-1
