0.074566431277194
-1
-1
-1
-1
-1
0.07453835946828248
-1
-1
0.07452989985585695
-1
0.07451096150556556
0.07450789488278901
0.07449557279285632
-1
-1
-1
-1
0.07443549439974642
-1
0.07436818429815625
-1
-1
-1
-1
0.07394489604934508
-1
-1
0.07325525167982588
-1
0.0728559608884186
-1
-1
-1
-1
-1
0.07048261088398304
-1
-1
-1
-1
-1
-1
-1
-1
0.06517580371153983
-1
-1
-1
-1
-1
-1
-1
0.0626111886279303
0.06224426089028115
-1
-1
-1
-1
-1
-1
-1
-1
0.06031343434986315
-1
-1
-1
-1
-1
-1
-1
-1
-1
-1
-1
-1
0.055845698412613345
0.05529265963596854
0.055134297575545214
-1
-1
-1
-1
-1
0.05309504980017782
-1
0.052332141187026913
-1
-1
-1
-1
-1
0.0508848102951822
-1
-1
-1
0.050316024791856526
-1
-1
-1
0.04924417932023886
-1
-1
0.04871911519934774
-1
0.04842061113249435
-1
-1
-1
-1
0.04767706061181752
0.04742807400854011
0.04712482854904916
0.04714996790596348
0.04656478639556329
-1
-1
0.04632989834194724
-1
-1
-1
0.045707909346592086
-1
-1
-1
-1
-1
-1
-1
-1
-1
-1
0.04420803102404483
-1
-1
-1
-1
-1
-1
-1
-1
-1
-1
-1
0.04254860045456211
-1
-1
0.041987350136644924
-1
-1
-1
-1
-1
0.04140498114500934
-1
0.04116182855748937
-1
-1
0.04059680396246041
0.040199319746812824
-1
-1
-1
-1
-1
-1
0.03973511841133056
-1
-1
-1
-1
-1
0.03905499239682186
-1
-1
0.03853814302668397
-1
-1
-1
-1
0.03847325994418217
-1
-1
-1
-1
-1
-1
-1
-1
-1
-1
-1
-1
0.037377822495665146
0.03706394960040506
-1
-1
0.0363997905843171
-1
0.03642738046433761
-1
0.0362696370132539
-1
0.03561557854718043
-1
-1
0.035472461979398844
-1
-1
-1
-1
0.034970218112111574
0.03478686273821935
-1
-1
-1
-1
-1
-1
0.034197002673438684
0.033702103859982506
-1
-1
-1
-1
0.03330347120520557
-1
-1
-1
0.03317048081502258
-1
-1
-1
-1
-1
-1
0.03214428991923931
-1
0.03228089536732508
-1
-1
0.03175333998946526
-1
-1
0.031164030073142727
-1
0.030941840415058833
-1
-1
0.031230751934804412
0.0306198981126793
0.03018101001316719
-1
-1
-1
-1
-1
-1
-1
-1
-1
0.029115394312843136
-1
0.02893002637726093
-1
-1
-1
-1
-1
-1
0.029003421630453965
-1
-1
-1
-1
0.02836773848002739
0.028122070516169315
-1
-1
0.027368894352121392
-1
0.0274814333268988
-1
-1
-1
-1
0.026880764780256913
-1
-1
-1
-1
-1
-1
-1
-1
-1
-1
-1
-1
-1
-1
-1
-1
-1
-1
-1
-1
0.02563217658745615
-1
-1
-1
-1
-1
0.02510006558074642
-1
0.02495864314830255
-1
0.024757960824831296
-1
-1
-1
-1
-1
-1
-1
-1
-1
-1
0.02443401363455815
-1
0.02374867268419459
0.023198672586124434
-1
-1
0.02226983354641841
-1
-1
0.02235892331189955
-1
0.0222732864712414
-1
-1
-1
-1
-1
-1
-1
-1
-1
-1
-1
-1
-1
0.021691290798940156
-1
-1
-1
-1
-1
0.021622713555691214
-1
-1
-1
-1
-1
0.021401770841254882
-1
-1
-1
-1
-1
-1
-1
0.020461378883012395
-1
-1
-1
-1
0.02022598282648967
-1
-1
0.01956759019781221
-1
-1
0.0194922254997709
-1
-1
0.019099005652584045
0.018284879896322243
-1
-1
-1
-1
-1
-1
0.01861116073512838
-1
-1
-1
-1
-1
-1
-1
-1
-1
0.018353975488830672
0.017918852731766487
0.01676401597888846
-1
-1
-1
-1
-1
-1
-1
-1
-1
-1
-1
-1
0.016899539669033004
-1
-1
-1
-1
-1
-1
-1
-1
0.016035525880844486
-1
-1
-1
-1
-1
-1
-1
-1
-1
-1
0.016255595607434208
-1
0.016017936130887582
-1
-1
-1
-1
-1
-1
-1
-1
0.015726917261174814
-1
-1
-1
-1
-1
-1
0.014728179454863795
-1
-1
-1
-1
0.015149698427572906
-1
-1
-1
-1
-1
-1
-1
0.014708286059288844
-1
-1
-1
-1
-1
-1
-1
-1
-1
-1
-1
-1
-1
-1
-1
0.014476490062981965
-1
-1
0.014171998356638649
-1
-1
-1
-1
0.013730122877458329
-1
-1
-1
-1
