0.07442670926965517
-1
0.07441685086694258
0.07440633105820622
0.07441127413305743
-1
-1
-1
-1
0.07437837874067241
-1
-1
0.07436633356686297
-1
-1
-1
-1
0.0743233717721084
0.07430403633364316
-1
-1
-1
0.07415894968756313
-1
0.07399030461393553
0.07385169750657575
-1
0.07347567143111394
-1
-1
0.07290919536146624
-1
-1
-1
-1
0.07152787292825764
-1
0.07086299996951531
-1
-1
-1
-1
0.06912002784424814
-1
-1
0.06794650498135336
0.06750227706185702
0.06754664655389457
-1
-1
-1
0.06656638368450361
-1
0.06619997800424181
-1
-1
-1
0.06550536201945667
-1
-1
0.06475407383565245
-1
0.06414350440789914
-1
-1
-1
0.06295087979785327
-1
0.0625126433269731
-1
-1
-1
-1
0.06070063304284523
-1
-1
-1
-1
-1
-1
-1
0.05859264921525429
-1
-1
-1
-1
-1
-1
-1
-1
-1
-1
-1
-1
-1
-1
-1
-1
0.05542769627324466
0.0548098694661568
-1
-1
-1
-1
-1
-1
-1
-1
0.05334303959690292
0.05321416762368432
0.05275193586431701
-1
-1
-1
-1
0.05196610668609882
0.05199941360744937
-1
0.05174780390385924
0.05109700385866494
-1
-1
-1
-1
-1
-1
-1
-1
-1
0.049901136190726836
-1
-1
-1
-1
-1
-1
-1
-1
-1
-1
-1
-1
-1
0.04872681632124145
-1
-1
-1
-1
-1
-1
-1
-1
-1
-1
0.04761149271808822
-1
-1
-1
0.04652872023911312
0.046503591845775474
-1
-1
-1
-1
-1
-1
-1
-1
-1
0.04589789797519815
-1
-1
-1
0.045356937266629316
-1
-1
-1
-1
-1
-1
-1
-1
-1
-1
-1
-1
0.04373597178993554
-1
-1
-1
0.04336252829124188
-1
-1
-1
-1
-1
-1
-1
-1
-1
-1
-1
0.04207913718860725
-1
0.04169070879960882
-1
-1
-1
-1
0.04139428999403427
-1
-1
-1
-1
-1
-1
-1
-1
-1
0.04007954923757191
-1
-1
-1
-1
-1
-1
-1
-1
-1
-1
-1
-1
-1
-1
0.0387303671960173
-1
-1
-1
0.037995296896531666
-1
-1
-1
-1
-1
-1
-1
-1
-1
-1
-1
-1
-1
0.03623542844735343
-1
-1
0.036383014994448626
-1
-1
-1
-1
-1
0.034937659933649265
-1
0.03525475939286166
0.034540644133913105
-1
-1
-1
0.03377088256951036
-1
0.03393010114287508
-1
-1
-1
-1
-1
-1
-1
-1
-1
-1
-1
0.032834142086834744
-1
-1
-1
-1
-1
-1
0.031720765628691375
-1
-1
-1
0.03136680290616792
-1
-1
-1
0.03005784269550751
-1
-1
-1
-1
-1
-1
-1
-1
-1
-1
0.029505470318013226
-1
-1
-1
-1
-1
-1
-1
-1
-1
0.029479586512878023
-1
-1
-1
-1
-1
0.02830685339868069
-1
0.027856589571155353
0.027017115955722745
-1
-1
-1
-1
-1
-1
0.0270358991006325
-1
-1
0.02693906192635668
-1
-1
-1
0.026531927094891154
-1
0.02509778964108434
-1
-1
0.025229324721570676
-1
-1
-1
-1
0.02458103532935011
-1
-1
-1
0.02397211456093295
0.02373804004284842
0.022612015414854577
0.0228312943773023
0.021818356305874628
-1
-1
0.02184261466408598
-1
-1
-1
-1
-1
-1
0.022071635890109784
-1
0.021523731792795247
-1
0.021015732414249713
-1
-1
-1
-1
-1
-1
-1
-1
0.020638969784666752
-1
-1
-1
-1
-1
0.01949202154987845
-1
-1
-1
-1
-1
-1
-1
0.02008022533023152
-1
-1
-1
-1
-1
-1
-1
-1
-1
-1
0.01942673079541017
-1
-1
-1
-1
0.019472749833146043
0.0190243543350491
-1
-1
-1
-1
0.017576133389154387
-1
-1
-1
0.017125627803134508
-1
-1
-1
-1
-1
0.01704941841548887
-1
0.016808844216424843
-1
-1
-1
-1
-1
-1
-1
-1
-1
-1
-1
-1
-1
0.016028639439750334
-1
0.016105514719825367
-1
0.015375923291491024
-1
-1
0.014976393948469698
-1
-1
-1
-1
-1
-1
0.014203367793354495
-1
-1
-1
-1
-1
-1
-1
-1
-1
0.01418764176939068
0.0130975855450178
-1
-1
-1
0.014290641839134281
-1
-1
-1
-1
-1
-1
-1
0.012891799111946902
-1
-1
0.012983915569453403
-1
0.012440342748344973
0.012163818589058416
-1
-1
-1
-1
0.011808036428330275
-1
-1
-1
-1
-1
-1
-1
