0.07396378589262359
-1
-1
-1
0.07394822585785546
-1
0.07393984479128977
-1
-1
-1
0.07392900914010118
-1
-1
-1
0.07388824668408342
-1
-1
-1
0.07383624971025608
0.07378888382578166
-1
-1
-1
0.07348713288911124
-1
-1
-1
-1
-1
0.07165803188186963
-1
-1
-1
-1
-1
-1
-1
-1
0.06803590372514634
-1
-1
-1
-1
-1
-1
-1
-1
-1
-1
0.06366089697370908
-1
0.06314571367995725
-1
-1
-1
0.06259978624282578
-1
-1
-1
0.061478982755953065
-1
0.06123288673804704
-1
-1
-1
0.05995231905145771
-1
0.05917381767063826
-1
0.05860191770672573
-1
-1
-1
-1
-1
-1
-1
-1
-1
-1
-1
0.053859046907190566
-1
-1
-1
0.05256367180433075
0.05236430614341635
0.051936636710212
-1
-1
-1
0.05101760060214816
-1
-1
-1
-1
-1
-1
-1
-1
0.049525963336172985
-1
-1
-1
0.048758855929672155
-1
0.047855672403634836
-1
-1
-1
0.047302656948904453
-1
-1
0.046849510484922585
-1
-1
-1
-1
-1
-1
-1
-1
-1
-1
0.044766709439470545
-1
-1
-1
-1
0.04395726569884215
-1
0.04340866711730092
-1
-1
-1
-1
-1
-1
-1
-1
-1
0.042304941386491456
-1
-1
-1
-1
-1
-1
-1
-1
-1
-1
-1
-1
-1
-1
-1
-1
-1
-1
-1
0.039898050687714195
-1
-1
-1
0.03934236938426085
0.039110306801101884
-1
-1
-1
-1
-1
-1
-1
-1
-1
-1
-1
-1
0.0378369693269351
-1
0.0378143615893921
0.037004983244861685
-1
-1
0.03683438438548934
-1
-1
-1
-1
-1
-1
-1
-1
-1
-1
-1
-1
-1
-1
-1
-1
-1
-1
-1
0.03557116104208905
-1
-1
-1
0.034541409497901035
-1
-1
-1
-1
0.03461257906627114
-1
-1
-1
0.03363583126230366
-1
-1
-1
-1
-1
-1
-1
0.033195197379431336
-1
-1
0.0326570189968174
-1
-1
-1
-1
-1
-1
-1
0.03257074056365765
-1
-1
-1
-1
-1
-1
-1
-1
-1
-1
-1
-1
-1
-1
-1
-1
-1
0.03113984340530713
-1
-1
-1
-1
-1
0.031048682416544522
-1
-1
-1
0.030307362525810143
-1
-1
-1
-1
-1
0.029551813350057334
-1
-1
0.029199628275599056
-1
-1
-1
-1
-1
-1
-1
-1
0.028876473795488786
-1
-1
-1
0.02857749779868892
-1
-1
-1
-1
-1
-1
-1
-1
-1
-1
-1
-1
-1
-1
0.027334909335426663
-1
0.02641534293757044
0.026539959010645212
0.026082172071550655
-1
0.02551627628970011
0.02423274704098476
-1
0.023901160374030273
0.024497275361491964
-1
-1
-1
-1
-1
-1
-1
0.024248040330883236
-1
0.023881555234552106
-1
0.023135390545334842
0.022790475468554432
0.022988536903222702
-1
-1
0.02207666327912776
-1
-1
-1
-1
-1
0.02204884500269178
-1
-1
-1
-1
-1
-1
-1
-1
-1
-1
-1
-1
-1
-1
0.02119518652530158
0.020828407709900507
-1
-1
-1
-1
-1
-1
-1
-1
-1
0.020476405561984375
-1
-1
0.019364825313618595
-1
0.019366663367626574
-1
-1
-1
-1
-1
-1
-1
-1
-1
-1
0.019005320839485283
-1
-1
-1
-1
-1
-1
-1
-1
-1
-1
-1
-1
-1
0.019043720320627688
-1
-1
-1
0.01785249650365689
-1
-1
-1
0.017481314189492645
0.016457095702789682
-1
0.016297878389773163
-1
-1
-1
-1
-1
-1
0.015931753298736022
-1
-1
-1
0.01605578031679633
0.015572741278403197
0.014655313273233366
-1
-1
-1
-1
-1
-1
-1
-1
-1
0.014786920689454827
0.014782349024467973
0.013790034464717138
-1
-1
-1
-1
-1
-1
-1
-1
-1
0.013746266092379738
-1
-1
-1
-1
-1
-1
-1
-1
-1
-1
-1
0.01380297110076212
-1
-1
-1
0.013274785459379617
-1
-1
0.012781460535323462
0.012485706507596266
-1
-1
-1
0.0121153563204695
-1
0.011992941182705314
-1
-1
0.011199596152413772
0.010538476057674575
0.010321792937632093
-1
-1
-1
-1
-1
-1
-1
-1
0.01126370477315834
-1
-1
0.010725595217571366
-1
-1
-1
-1
-1
-1
-1
-1
0.01046023332498024
-1
-1
-1
-1
-1
-1
-1
0.010898184449551011
-1
-1
