-1
-1
-1
-1
0.038829769858394765
-1
-1
-1
-1
-1
-1
0.03613582160099443
-1
-1
-1
-1
-1
-1
0.03450580799435995
0.033850400634558804
-1
-1
-1
-1
-1
-1
-1
-1
-1
-1
-1
-1
-1
-1
0.029457439428352446
0.029358023117823772
-1
-1
-1
-1
-1
-1
-1
-1
-1
-1
-1
-1
-1
0.02667779340801469
0.026470585759863795
0.02642702094043594
-1
-1
-1
-1
-1
-1
-1
-1
-1
-1
-1
-1
-1
-1
-1
-1
-1
-1
-1
-1
0.02382862147796585
0.023493612279374916
0.023365113534123065
-1
-1
-1
-1
-1
-1
-1
-1
-1
-1
-1
-1
-1
-1
-1
-1
-1
-1
-1
0.022265945105667574
0.021923423495637365
0.021719218233981766
0.021912012617272065
-1
-1
