-1
-1
-1
-1
-1
0.07260796186086294
-1
-1
-1
0.07260045586405574
0.07260003787977201
-1
-1
-1
-1
-1
0.07257463631329236
-1
-1
-1
-1
-1
-1
-1
-1
-1
-1
0.07230448336214633
-1
-1
-1
-1
-1
-1
-1
-1
0.06983497357583261
-1
-1
-1
-1
0.06762195922232964
0.06747028215511425
0.06683057611053055
-1
0.065651383915463
-1
-1
0.0649115525387429
0.0645667558317786
-1
-1
-1
-1
-1
-1
-1
0.06297754908467199
-1
0.06257394648887016
-1
-1
-1
-1
-1
-1
0.060656541747015874
0.060476061460134144
-1
-1
-1
-1
-1
-1
-1
-1
-1
-1
-1
0.05589095627939379
0.05575681543565011
0.055661322941651215
0.055258328903902754
0.05469422812934394
-1
-1
-1
-1
-1
-1
0.053374550847319874
-1
0.05325566046946757
-1
-1
0.052609887477513904
-1
-1
-1
0.051956407766084414
0.05171985803423701
-1
0.051446444440532375
-1
-1
0.0507673932088388
-1
-1
-1
-1
-1
-1
-1
-1
-1
-1
0.04910368801237227
-1
-1
-1
-1
-1
-1
-1
0.048152742246249776
-1
-1
-1
-1
0.047403768429885036
-1
0.046931381805523024
0.047121942956168374
-1
0.04703998517345737
-1
-1
-1
-1
-1
-1
-1
0.04574250605729249
-1
-1
-1
0.04531619484360154
-1
-1
-1
-1
-1
-1
0.04466386507223318
0.044493287049972255
-1
-1
-1
-1
-1
0.04349940215145145
-1
-1
-1
-1
0.04340532937565365
-1
-1
-1
-1
-1
-1
0.04269220651807012
0.042848612032495105
-1
-1
0.042385600010554
0.04226385964466645
0.041943302884832154
-1
-1
-1
0.04181056779784126
-1
-1
-1
0.04145004918446412
-1
0.04121243687900337
-1
-1
0.04076880434074917
-1
0.040499814002363535
-1
0.040683722469183774
-1
-1
-1
-1
-1
-1
-1
-1
0.03975831511858347
0.0392819246730289
-1
-1
-1
-1
-1
-1
-1
-1
-1
-1
-1
0.038802427670977135
-1
-1
-1
0.03856442616329537
-1
-1
-1
0.03791863824333157
-1
-1
0.037536462443368925
-1
-1
-1
0.03710223694105406
0.03690958670130721
-1
-1
-1
0.03650041297749356
-1
-1
-1
-1
0.03590397362236504
-1
0.03576924000774418
-1
-1
-1
-1
0.0352950117341033
-1
-1
-1
0.03483833198074822
-1
-1
-1
-1
-1
-1
0.034770932444581036
-1
-1
-1
-1
-1
-1
-1
-1
0.033914258995571656
-1
0.033454343515473446
-1
-1
-1
0.03294457433459995
-1
0.0325456823046143
-1
-1
-1
0.031592777935234274
0.03131798621233519
-1
-1
0.03144143317733799
0.030944339488003705
0.03001159569164654
-1
-1
-1
-1
-1
-1
-1
-1
-1
-1
-1
-1
-1
-1
0.029705045338686523
-1
-1
-1
0.02904560606221895
-1
0.028324131332002248
-1
-1
-1
-1
-1
0.028506875360334243
-1
-1
-1
0.027606267314236443
-1
0.027762581985276025
-1
0.027149762602539748
-1
-1
-1
-1
-1
-1
-1
-1
-1
-1
0.026394850217007302
-1
-1
0.025944957526417466
-1
-1
0.025630174349020193
-1
-1
-1
-1
0.025319231858661584
-1
-1
-1
-1
-1
0.025127346330397836
-1
-1
-1
-1
-1
-1
-1
-1
-1
-1
-1
-1
0.023944347439048524
-1
-1
-1
-1
-1
0.024293224124221115
-1
-1
-1
-1
-1
0.023499771710988635
-1
0.023202610834761783
-1
-1
-1
-1
-1
0.022222325017860343
-1
0.022014101238938065
-1
-1
-1
-1
-1
-1
-1
-1
-1
-1
-1
-1
-1
-1
0.022029405617499137
0.021344561324463232
-1
-1
-1
-1
-1
-1
-1
-1
-1
-1
-1
0.02083202840777131
-1
-1
-1
-1
-1
-1
-1
-1
-1
-1
0.02101922474197439
-1
-1
-1
-1
-1
-1
-1
0.020150769293845235
-1
-1
-1
-1
-1
-1
-1
-1
-1
-1
-1
-1
-1
-1
-1
-1
0.020138743103624464
-1
-1
-1
-1
-1
-1
-1
-1
-1
0.018678336691212008
-1
-1
-1
-1
-1
0.018188854998296446
0.01761507102632308
-1
-1
0.01723491009156983
-1
-1
-1
-1
0.017306720505695088
-1
-1
-1
0.01643673934646555
-1
0.016393216860455435
-1
-1
-1
0.01630429728879585
-1
-1
-1
-1
-1
-1
-1
-1
-1
-1
-1
-1
0.015573263698601509
-1
-1
