0.0723482271542952
-1
0.07233860338132367
-1
-1
-1
0.07234745409727565
-1
-1
-1
0.07232900921160205
0.07232880938966522
-1
-1
0.07232707966053181
-1
-1
0.07229914702694636
0.07228200740102232
-1
-1
-1
-1
-1
-1
0.07213218666481364
-1
-1
-1
-1
-1
-1
0.07138427385881047
-1
0.07042747583745271
0.06943812801233677
-1
0.0679748764675118
-1
-1
-1
0.06639372604534996
0.06617841050760685
-1
0.06564540469576194
-1
-1
-1
-1
0.06377098063823047
0.06341662678596781
-1
-1
0.06199719446815535
-1
-1
-1
-1
0.060446329247974925
-1
-1
-1
0.05889263930629888
-1
0.0579957837440176
-1
0.05770981363322739
0.05724660202655905
0.05662986426550185
-1
-1
0.055750079192440724
-1
-1
-1
0.05435945997069533
0.05374652870980134
-1
-1
0.05357709165172165
-1
-1
0.05263418462749549
-1
0.05222780025309805
-1
-1
-1
-1
-1
-1
-1
-1
-1
-1
0.050801396088890574
-1
-1
-1
-1
-1
-1
-1
0.04923019797956546
0.04904422099557513
-1
-1
-1
0.04876378093112428
0.04823207335294113
-1
0.04819317360523876
-1
0.047576639460205794
-1
-1
-1
-1
-1
-1
-1
0.04659217738917862
0.04666884901013028
-1
-1
-1
0.04593894893856086
0.04617568392650551
-1
0.045415216063703676
-1
0.04516328692670421
-1
-1
0.04491407501205714
-1
0.044537075657273086
0.04417980204396726
-1
-1
-1
0.043890050258524056
-1
-1
-1
0.043789253487802444
-1
0.04302828621068029
-1
0.042876917252606166
0.0428059423836369
0.0427460795769757
-1
-1
0.04233516147890822
-1
0.042079143065132184
-1
0.041960135236938714
-1
0.04149648876227658
-1
-1
-1
-1
0.040982467627010084
-1
0.040460497644420695
-1
-1
-1
0.040530666316656326
-1
0.0406509827537012
-1
-1
0.039663005577791885
-1
-1
-1
-1
0.03919785610584941
-1
-1
0.03898000096525331
0.03852390500557681
-1
-1
-1
-1
-1
0.03802716570425127
-1
0.037753463611153115
-1
0.03752533490156612
-1
-1
0.03702257105784238
-1
-1
-1
-1
0.03692924791328565
-1
-1
-1
0.036296802302474826
-1
-1
-1
-1
0.03607081626862112
0.035615817198350525
0.035467159677816516
0.03491991880132079
0.034719215301258856
-1
-1
-1
0.034654257339672395
-1
-1
-1
-1
0.03437606278945983
0.03396471022154352
0.033438742231058
-1
0.033603044226033746
-1
-1
-1
-1
-1
-1
0.0329469730905559
0.032164639386774746
-1
0.031936691669209295
-1
-1
-1
0.03179155873877595
0.03167895130183702
0.031169511901840478
-1
0.03105701873250935
-1
0.030527946991161653
0.03057654562071405
-1
-1
-1
0.029952716101363505
0.029712743375062474
-1
-1
0.029695731202370994
0.029494127215477242
-1
-1
-1
0.028939624350291106
-1
-1
-1
0.028130500759263405
0.027960629406987098
0.027615975994023923
-1
-1
-1
0.027995465265510125
0.027434090137013284
-1
0.026826366905144953
0.026685195891936776
-1
0.026317376940564227
-1
-1
-1
-1
0.026223567824935165
0.026335880025665042
-1
-1
0.025636367701828363
-1
0.02504858209482579
-1
-1
0.024890158347390254
0.02409086167695246
-1
0.02380442409712111
-1
-1
-1
-1
-1
-1
-1
-1
-1
-1
0.024079662526286186
-1
0.02331317363413003
-1
0.02314360324432433
-1
-1
-1
-1
-1
0.02248687591908723
0.022659558444219862
-1
-1
-1
0.02194337064952888
-1
-1
0.021712482174627908
0.02122288394302188
-1
-1
0.020608938466355
-1
0.02008421396459718
0.019791545591560468
-1
-1
0.01998530255085359
-1
-1
-1
0.019938223804612524
-1
-1
0.018811126624202916
-1
-1
-1
0.01879677769008929
-1
-1
-1
-1
0.019034514246848808
-1
-1
-1
0.019042313707835077
-1
-1
0.018375240210699896
-1
-1
-1
-1
0.017674119867135595
-1
0.017181710544644263
-1
-1
-1
-1
-1
-1
0.017073633066563332
0.016041550865810373
-1
-1
-1
0.016054021843758454
-1
-1
-1
0.01606285264660661
-1
-1
-1
-1
-1
-1
0.015482164207984985
0.015379642526855168
-1
-1
0.014898102076208192
-1
-1
0.015064667443395364
0.01416761951268539
-1
-1
-1
0.014104182476613283
0.01352753492258855
-1
0.013427890143366367
-1
-1
-1
-1
0.013252777751161918
-1
-1
-1
-1
0.012735255975971521
-1
-1
0.0125962681234
0.012852030570942667
0.01213207206229564
-1
-1
-1
-1
-1
0.011675370617793444
-1
0.012316345097039678
-1
-1
-1
-1
-1
-1
0.011343972387857193
0.011917468132579257
-1
-1
0.011073624089448062
-1
-1
0.010738784374855825
-1
0.010622094665271593
-1
0.01021166602204497
-1
0.009787119462471345
-1
-1
0.01039677986871517
-1
0.009071024316994287
-1
-1
0.009299707310255947
-1
0.008909443559487348
-1
0.008867418751384047
-1
-1
0.009753170744140864
-1
-1
-1
0.00861948785355611
-1
0.008494693620500022
-1
-1
0.00823814591542911
-1
-1
0.008044027485875576
-1
-1
-1
0.008626891666756164
-1
-1
-1
-1
0.008329534344741076
-1
-1
-1
-1
0.008054352900075537
-1
-1
-1
0.007562418191278379
-1
-1
0.007520483943591652
-1
0.007333279087817505
0.0071528276988471655
-1
0.007109388729561054
