0.039267416061761554
-1
-1
-1
0.03610754202363829
-1
-1
-1
0.035393157793216945
0.0349133859376539
-1
-1
-1
-1
-1
0.033183394430021364
0.032999195510225746
-1
-1
-1
-1
-1
-1
0.031298671311063314
0.0311117372799329
0.03071967087078504
-1
-1
-1
-1
-1
-1
-1
-1
0.028773737363037635
0.028727785507496845
0.028431699408993698
0.02828242707150177
0.028132486803848857
-1
-1
-1
-1
-1
-1
-1
-1
-1
-1
-1
-1
-1
-1
0.026580256658562264
0.026588199578641312
-1
-1
-1
-1
-1
-1
-1
0.026320339630601746
0.025999498162658428
-1
-1
-1
-1
-1
-1
0.02562282740302352
0.025767940666542546
-1
-1
-1
-1
-1
-1
-1
-1
0.02533131372263503
0.02522208961806072
-1
-1
-1
0.02503794252616653
0.024840717049627342
0.02467340108151088
0.024556241475461378
0.024490927959204743
0.024324562928195674
0.024270622899092317
0.024208575333648487
0.023984176662346837
0.02390015478297876
0.023802204116731243
0.023750403331584687
0.023778453865788012
0.023550806332043824
0.02334610377258497
