-1
0.07365998668670655
-1
0.07365489606857299
-1
0.07366088399887084
-1
-1
-1
0.07365694313049316
0.0736443817138672
-1
-1
0.07364438838958741
-1
0.07363001298904419
-1
-1
0.07361187076568604
-1
0.0735847933769226
-1
-1
0.07354533710479737
-1
-1
0.07344032649993897
-1
-1
0.07324407787322998
0.07308730382919312
-1
0.0726599600791931
-1
-1
-1
-1
-1
-1
-1
0.06692600235939025
0.06668581285476685
0.06640761957168578
-1
-1
-1
0.06495980215072632
-1
0.06434433732032775
0.06339548840522766
-1
-1
0.06189883594512939
-1
0.060900575923919675
-1
-1
0.06020022330284119
-1
0.059327421760559086
-1
0.05876338214874268
-1
0.05810630345344543
-1
0.057146458196640014
-1
-1
0.05557274460792541
-1
-1
-1
-1
0.05341841058731079
-1
-1
-1
0.05246224498748779
-1
0.051715341567993164
-1
0.051111785125732424
-1
0.05087778401374817
-1
0.05019442715644836
-1
0.0499086938381195
-1
0.049444986534118655
-1
0.04902921624183655
-1
0.048729030752182004
-1
0.048497799110412604
-1
0.04822891244888306
-1
-1
0.047535571861267084
-1
0.04729194355010986
-1
-1
-1
0.046675390911102295
-1
-1
0.04614441156387329
-1
-1
0.04522532343864441
-1
0.04530764303207398
-1
0.04463684048652649
-1
0.04460191674232483
-1
0.04421527614593506
-1
-1
0.044059080314636234
-1
-1
0.043099226999282834
-1
0.04314578685760498
-1
0.0428388533115387
-1
-1
-1
0.042655229139328
-1
0.04220010962486267
-1
0.04174798862934112
-1
-1
-1
0.0410042181968689
-1
-1
0.04071846508979798
-1
0.040576289606094364
-1
-1
0.04018873019218445
-1
0.03986736292839051
-1
0.039308524918556215
-1
0.03925108962059021
-1
0.039186975264549256
-1
0.038767922139167785
-1
-1
-1
0.038473472595214844
-1
0.03778080916404724
-1
-1
-1
-1
0.03735868239402771
-1
0.03739536709785462
-1
0.037051226019859315
-1
0.03651445784568787
-1
0.03629958951473236
-1
-1
0.036243491888046264
-1
0.03546127529144288
-1
0.03533905880451202
-1
-1
0.034936505293846135
-1
0.034617130398750307
-1
0.03407104511260987
-1
-1
0.03383885214328766
-1
-1
0.03330969452857971
-1
-1
0.03345126535892486
-1
-1
-1
-1
0.03291543898582459
-1
-1
0.03197832040786743
-1
0.032296054863929745
-1
0.03207449688911438
-1
0.03146225252151489
-1
0.0314854257106781
-1
-1
0.03062708239555359
-1
0.03017037868499756
-1
-1
0.029741524267196656
-1
0.02960135426521301
-1
-1
0.028620253801345825
-1
0.02872719235420227
-1
0.02826403965950012
-1
0.028187883734703063
-1
0.027963582062721253
-1
-1
-1
0.02752629086971283
-1
0.027332080960273744
-1
-1
-1
-1
0.026982463479042054
-1
0.026300623726844788
-1
0.025916414082050324
-1
-1
0.025467230689525604
-1
-1
0.024873261058330536
-1
0.025155250561237335
-1
0.02390940155982971
-1
0.02369677103757858
-1
-1
0.023694124841690062
-1
-1
0.023253525102138517
-1
0.023018672049045563
-1
0.02210997357368469
-1
0.02248807953596115
-1
0.022111109185218813
-1
0.022012278854846953
-1
-1
-1
0.021781755197048187
-1
0.021102032351493837
-1
0.02093074482679367
-1
0.02040879694223404
-1
-1
0.020012084996700288
-1
0.019770942044258118
-1
-1
0.019711459743976593
-1
0.01879706573486328
-1
0.019245753407478333
-1
-1
0.018522057747840884
-1
0.01916813920736313
-1
-1
0.018680478191375735
-1
-1
0.0183935014128685
-1
-1
0.017711796528100968
-1
-1
-1
0.01743584362268448
-1
-1
0.017210136926174166
-1
0.01689187918305397
-1
0.01665360237956047
-1
-1
-1
0.016020576828718183
-1
0.016132998728752134
-1
0.015991298669576645
-1
0.01569479920864105
-1
0.01482255448102951
-1
-1
0.014956892079114914
-1
0.014271263009309768
-1
0.014518479830026626
-1
0.014335831648111343
-1
0.014298709118366242
-1
-1
0.013955160355567932
-1
0.013293277376890183
-1
0.0133316721200943
-1
-1
-1
0.013506486821174623
-1
0.013188550245761871
-1
0.012008179694414138
-1
-1
0.012024987891316414
-1
-1
0.012149473094940185
-1
-1
-1
0.012226536884903908
-1
-1
-1
0.011638901787996293
-1
-1
0.011979536044597627
-1
0.01151084062755108
-1
-1
-1
0.011451192778348922
-1
0.011613859340548515
-1
0.011172309795022012
-1
0.010112231096625329
-1
0.010486526915431022
-1
-1
-1
0.010397006332874298
-1
0.009958479048311712
-1
0.009973413237929345
-1
0.009833883172273636
-1
0.0094615218937397
-1
0.009498406815528871
-1
0.009294475493580104
-1
0.009098220854997634
-1
0.008785315638780593
-1
0.008006759837269783
-1
-1
-1
0.008596919089555741
-1
0.008490198582410813
-1
-1
-1
0.008303090861439705
-1
-1
0.008139838522672653
-1
0.008957198897004129
-1
0.0077869048014283185
-1
0.008221896161139011
-1
0.007513449110090733
-1
0.0077993111208081245
-1
-1
0.007623431085795164
-1
0.007102074748277664
-1
0.006913158671557904
-1
-1
0.007255907480418682
-1
0.007065470081567765
-1
0.006743578521907329
-1
0.00656125393807888
-1
-1
0.007318961548805237
-1
-1
0.006602327116578818
-1
-1
0.006351738586276769
-1
0.0058244872100651265
-1
-1
0.006295996548980474
-1
-1
0.005591513497382403
-1
-1
0.006688077737390995
-1
0.005822547781467438
-1
-1
0.005756747241318225
-1
0.005823195803165436
-1
0.005397167278081179
-1
0.005253178993612527
-1
-1
-1
0.005653272957354784
-1
0.005190686714649201
-1
0.005884922134876251
-1
