-1
-1
0.0768671667655486
-1
0.07684514028723363
-1
-1
-1
-1
-1
-1
-1
-1
0.07682472347947697
0.07681132520492996
-1
-1
0.07679750860932144
-1
-1
-1
-1
-1
-1
-1
-1
-1
-1
-1
0.07619727045496748
-1
-1
0.07543124940188266
-1
-1
-1
-1
0.07302728633838135
-1
-1
-1
-1
0.07030139218990945
-1
-1
-1
0.06669636059444571
-1
-1
0.06490246123885259
-1
0.06417429853388355
-1
-1
-1
-1
-1
-1
-1
-1
-1
-1
0.06067000223958413
-1
-1
-1
0.0595092268722891
-1
-1
-1
-1
0.05870598148396923
-1
-1
-1
-1
-1
-1
-1
-1
-1
0.05579462472208359
-1
-1
-1
-1
-1
-1
0.0539145231977072
0.053609272074327696
-1
-1
-1
0.05228944399574552
-1
-1
-1
-1
-1
-1
-1
-1
0.05034051386179
-1
-1
0.05023071326497934
-1
0.04974196315608205
-1
-1
-1
0.0487996447491221
-1
-1
-1
-1
-1
-1
0.048230060397383895
-1
-1
0.04734763417119173
0.04717389619629208
-1
-1
0.0466511044642973
-1
-1
-1
-1
-1
-1
0.04571857975924467
-1
-1
-1
0.04495603452231279
0.04488392814263734
-1
-1
-1
-1
-1
0.04461802481559576
0.04403749932524621
-1
-1
-1
-1
-1
-1
-1
-1
-1
-1
0.043185699205090584
-1
-1
-1
-1
-1
-1
-1
-1
-1
-1
-1
0.04204496092812255
-1
0.04186385625969195
-1
-1
0.0414604247836002
-1
-1
-1
-1
-1
0.040192581248160594
0.04039601700044422
0.04030044798911414
-1
-1
-1
0.03992155558431732
-1
-1
-1
-1
-1
-1
-1
-1
0.03918419065148899
-1
-1
-1
-1
0.03873347480717076
-1
-1
-1
0.038009147525646776
-1
-1
-1
-1
0.03780905625125381
-1
-1
-1
0.03717226717778728
-1
-1
0.036856912917360034
-1
-1
0.036792496489547605
-1
-1
0.03626856648151603
-1
-1
0.036118721787741025
-1
-1
-1
-1
0.03532615829412649
-1
-1
-1
-1
-1
0.03476532122129595
-1
-1
-1
-1
-1
0.03431311747741643
-1
-1
0.03396230994003985
-1
0.03354299632689287
-1
-1
-1
-1
-1
-1
-1
-1
-1
-1
-1
-1
0.032336088905540315
-1
0.03231385542019654
-1
-1
-1
-1
-1
-1
-1
-1
0.031671239117954865
-1
-1
-1
0.03093995047263378
-1
-1
-1
-1
-1
-1
0.03033802098391592
-1
-1
0.029722894891113343
-1
-1
-1
-1
-1
-1
-1
-1
0.029584424625921427
-1
-1
-1
-1
-1
-1
-1
0.02860812079523097
-1
-1
-1
-1
-1
-1
0.02812468215993259
-1
-1
-1
-1
-1
-1
0.026375987895734983
-1
-1
-1
-1
-1
-1
0.026416491555259512
-1
0.025978435248443503
-1
-1
-1
-1
0.0259247200533247
-1
-1
-1
-1
-1
-1
-1
-1
0.025684962241211907
-1
-1
-1
0.024572080307486383
-1
-1
-1
-1
-1
-1
-1
0.02443026111774202
0.0235895862948123
-1
-1
-1
-1
0.023271659852657233
-1
-1
0.022760111645947795
0.022968761104947888
-1
-1
0.021882969508544417
-1
-1
0.021003736760160877
0.022005746931760398
-1
-1
-1
-1
0.021233316147676942
-1
-1
0.02074940917508616
0.02080709183669883
-1
0.019807949068387516
-1
0.020230176829840425
-1
0.019337881051851906
-1
-1
-1
-1
-1
-1
-1
-1
-1
0.019132024181273872
-1
-1
-1
0.018999725020094733
-1
-1
-1
0.018464172716712895
-1
-1
-1
0.018103996616124978
0.018265131403359496
-1
-1
0.01773494672974107
-1
-1
-1
-1
-1
0.017351922916488627
-1
0.01692097494244424
-1
0.01666396853117399
-1
0.016447796094835536
-1
-1
-1
-1
-1
-1
0.016146905249321768
-1
-1
-1
-1
-1
-1
-1
0.01605006759527977
0.015802280248375232
0.015131749542156375
-1
0.014381729328095932
-1
-1
0.014229663963034824
-1
-1
0.014033063256575044
0.013774737767774915
-1
-1
-1
-1
-1
-1
-1
-1
0.013579307665515914
0.013515933770501276
-1
-1
-1
-1
-1
0.013608012590948106
-1
0.013379704879590355
-1
-1
-1
-1
-1
-1
0.013104076235403406
-1
-1
-1
-1
-1
-1
-1
-1
-1
-1
-1
-1
0.012324800795292168
0.01234614070289412
-1
0.012066559241757452
-1
-1
-1
-1
-1
-1
-1
0.011512966426396237
-1
-1
-1
-1
-1
