0.0721008347718241
-1
-1
-1
0.07209080252338043
-1
0.07208436564844459
-1
0.07207379394462979
-1
-1
-1
0.07206299342298401
-1
0.07205896078873535
-1
-1
0.07204993533874784
-1
0.07203739942853617
-1
0.07202129396016166
-1
-1
0.07200598418045898
-1
-1
0.0719616081357269
-1
-1
0.07191644728317091
-1
0.07187633194379359
-1
0.07179130003756325
-1
0.07167532929371401
-1
0.07145142523234323
-1
-1
-1
-1
-1
0.07007213556259803
-1
-1
-1
0.06898873593716547
-1
-1
0.06780399316109267
-1
0.06733863892437894
-1
0.06663870715454921
-1
0.06636556362945761
-1
0.06539955768542535
-1
0.06462892088580718
-1
-1
0.06387382327043503
-1
-1
-1
-1
0.06281668035776024
-1
-1
0.06234735050457436
-1
0.061975990845853056
-1
-1
0.061389747135324496
-1
-1
0.0606931084754483
-1
0.06030695049021335
-1
0.05952192259581564
-1
0.0591205935083513
-1
0.05791639556287386
-1
-1
0.05692317229789376
-1
0.055959051567436066
-1
0.055672074484345094
-1
-1
0.05455443992444066
-1
0.054357130948862506
-1
0.05355896688414367
-1
0.05329880218377849
-1
-1
0.05258186060843585
-1
0.05238713908782208
-1
0.052051846186319986
-1
0.05185842476701843
-1
0.05167787336396424
-1
-1
0.05057248941203892
-1
-1
-1
0.05081409506616443
-1
0.05042344563759413
-1
0.05006156485086053
0.05001551891599992
-1
0.04946557904783245
-1
0.04975234971483815
-1
0.049375412821503026
-1
0.04875003667485794
-1
0.04903170166399655
-1
-1
0.04855402854731686
-1
0.048320574355072095
-1
0.048382262148846444
-1
0.04774352810793542
-1
0.04742636605930541
-1
0.04697955508093439
-1
-1
0.04700471720172788
-1
0.047115315846948815
-1
0.04674576592925411
-1
0.046062974321762186
-1
-1
-1
0.04573369692902704
-1
0.045673427805804565
-1
0.04551332834316313
-1
-1
-1
0.04521433331022326
-1
0.04466814877469535
-1
-1
0.04426875146443412
-1
0.044027161438193095
-1
0.044054684169607145
-1
-1
-1
-1
0.04362126922180722
-1
-1
0.042884740093410416
-1
-1
0.042901458089517
-1
0.042984753807119074
-1
0.042085443887134526
-1
-1
-1
0.042282509243728325
-1
0.04145596672757894
-1
-1
-1
-1
0.04117027521133423
-1
-1
0.040699185380999675
-1
-1
-1
-1
0.04039652870272097
0.04027765370588708
-1
-1
-1
0.03994129573472127
-1
0.03912535388464362
-1
0.03921783405129008
-1
0.03929306287360138
-1
0.03881545858895219
-1
-1
0.038567593647062914
-1
0.038360011124237536
-1
0.03775754942989989
-1
-1
0.0373194572109504
-1
0.03711184812605514
-1
-1
0.03702285135085684
-1
0.03647412133696896
-1
0.03689854361066883
-1
-1
0.03652188433896775
-1
0.036348112317539705
0.035606674833319064
-1
0.03549314227946919
-1
0.03506818284391024
0.03421023956081211
-1
0.03436360559207481
-1
-1
0.0339490218983934
-1
-1
0.034494658844582984
-1
0.03402445324315321
-1
0.033691909729234325
-1
0.033415325802711296
-1
-1
0.032710091566346106
-1
-1
0.03250236137868041
0.032016530906327355
0.03163791593555903
-1
0.032281619883757044
-1
0.031767514008003594
-1
0.03141176553913944
-1
-1
0.031157930292005774
-1
-1
0.030787777767352077
-1
-1
0.030487961817107744
0.030262783843132208
-1
0.02978725289338387
0.02952951910245072
0.028804020753642856
-1
0.02897509552488391
-1
-1
0.02907105505599805
-1
0.028585074385273912
-1
-1
0.02792280944401786
-1
0.027589706046469258
-1
-1
-1
-1
0.027284244402943043
0.027366783074884608
0.02742625970968464
-1
-1
-1
0.0269839879917085
-1
0.02616993476880477
-1
-1
-1
0.026086774128395437
-1
-1
0.02649139880600658
-1
0.026199423213399763
-1
-1
0.025897426519884623
-1
0.025697462550745717
0.024510533911003093
-1
0.024584514742729647
-1
-1
0.024452415355366616
-1
-1
-1
0.02468143778892705
0.024115057892980723
0.022714614121439207
0.022702891767958398
0.02208084657421581
-1
-1
0.022792175925551376
-1
-1
0.022959909316410686
0.02251240237713927
-1
-1
0.02138821869355187
-1
-1
0.021937022433184936
0.020681881944605168
-1
0.020678047659146437
0.020619522085125814
0.020092733487720192
-1
0.019887964757496875
-1
0.019749312326145387
0.019470773833976763
-1
0.019875258860705416
-1
0.019321684936015663
-1
0.0195112152787663
0.018875549316939626
-1
0.018271238198483017
-1
-1
0.018428431047955884
0.01807658370309228
-1
0.017692180627944486
-1
-1
0.01777098264203509
-1
0.01687513007813652
0.017420635934110723
-1
0.01643834560109465
-1
0.016460941895275843
-1
0.01623430744113538
0.015902950926381738
-1
0.015782197856529713
0.015121654842790608
-1
0.015084658453128482
-1
0.015661629561076494
0.014547010696174315
-1
0.014603283027941215
-1
-1
0.015019757235610245
-1
0.01484684900149403
-1
0.014061092650330308
0.013812409951382835
-1
0.013672719825834236
-1
0.013444107550902655
-1
0.01383114147106273
-1
0.013715975776614759
-1
0.013532660051480235
-1
-1
-1
-1
-1
0.013315328002242702
0.012510843104964134
-1
0.012752855067418458
-1
-1
0.012958356091373453
-1
0.012511908924686295
0.012143353314474392
-1
-1
-1
-1
0.012108893519146596
-1
-1
-1
-1
-1
-1
-1
0.012926887185781593
-1
-1
0.012339845826428476
0.011321733101902392
-1
0.011927453720196247
0.01135783824544625
-1
0.011231585863719317
-1
0.010758114347788578
-1
0.010656036553233529
-1
0.01150461479988141
-1
-1
0.011196287893075538
0.010516908731503242
-1
0.010719251779368527
-1
0.009844204180059284
0.009790194017908451
-1
-1
0.010275823011227637
-1
-1
0.009349189955382805
-1
-1
-1
-1
-1
-1
0.0097135393478193
-1
-1
-1
