-1
-1
-1
-1
-1
-1
-1
-1
-1
-1
0.07455240665707681
-1
-1
-1
-1
-1
-1
-1
-1
0.07446056081718296
-1
-1
-1
-1
0.07415456936632325
-1
-1
-1
-1
-1
0.07276344927546786
-1
-1
0.07173344476176648
-1
-1
-1
-1
0.06938221840827563
0.06896032504335077
-1
-1
-1
-1
0.06645372866554343
0.06549836652067773
0.06510099551075221
0.06480511975339885
-1
-1
-1
0.06356059269050285
-1
-1
-1
-1
-1
-1
0.06222844020851745
-1
-1
-1
-1
-1
-1
0.06043063584980646
-1
-1
-1
0.059197449272188715
0.05854529634150264
-1
0.05783216494978376
-1
-1
-1
-1
-1
-1
-1
-1
-1
-1
-1
0.05438434052930795
-1
-1
-1
-1
-1
-1
-1
-1
-1
-1
0.051944810319410284
-1
-1
-1
-1
-1
-1
0.050331264901624644
-1
-1
-1
0.05024957801044373
-1
0.04961817650764086
-1
-1
0.0489969206165289
0.048929581116909086
-1
-1
0.048635463683703035
-1
-1
-1
-1
-1
0.04761986583149459
-1
0.04728884434339552
-1
-1
-1
-1
-1
-1
-1
-1
-1
-1
-1
-1
0.045730828878431544
-1
0.0455830251681367
0.045128152900844105
0.04490196225967572
0.04506928333710903
-1
-1
-1
-1
-1
-1
-1
-1
-1
-1
-1
-1
-1
0.04306847946175232
-1
0.04316369096867209
0.04305311006294728
-1
-1
-1
0.042204237344712986
0.04174361573954638
-1
-1
-1
-1
-1
-1
0.04134541489908041
-1
-1
-1
0.04056570133431684
-1
-1
-1
-1
-1
-1
-1
0.03953014071507793
-1
-1
0.03974624625035032
-1
-1
-1
-1
-1
-1
-1
-1
0.03834461856866758
-1
-1
-1
-1
-1
-1
0.037875138322941426
-1
0.03789012182351065
0.03724742314213038
-1
-1
-1
-1
-1
-1
-1
-1
-1
0.036542113321646245
-1
-1
0.03582444883577252
-1
-1
-1
-1
-1
-1
0.03516915771410223
-1
-1
-1
-1
-1
-1
-1
-1
0.03453540974507836
0.03422841212146998
-1
-1
-1
0.03363614502014918
-1
-1
-1
-1
0.03306877837067804
-1
-1
-1
-1
-1
-1
-1
-1
-1
-1
0.032203553073092105
0.03168554895639934
-1
-1
-1
-1
-1
-1
-1
-1
-1
-1
-1
0.03035285902847224
-1
-1
0.030794104811439762
-1
-1
0.030115803117113545
0.029221460757451235
-1
-1
-1
-1
-1
-1
-1
-1
-1
0.02934476582586894
-1
-1
0.028554624756778033
-1
-1
-1
-1
-1
-1
-1
-1
-1
-1
-1
0.02788006557759147
0.026783106883195257
-1
-1
-1
0.026919566259013396
-1
-1
0.026581090199509657
-1
-1
-1
-1
0.026017805567055487
-1
-1
-1
-1
-1
-1
-1
-1
-1
-1
-1
-1
-1
-1
-1
-1
0.02543343215472755
-1
-1
-1
0.025176227968145913
-1
-1
-1
-1
0.024330450945230078
0.024074418459803702
0.023317417277115726
-1
-1
-1
-1
-1
-1
-1
0.022514968325200915
-1
-1
-1
0.022870573040991056
-1
0.022287488575887988
-1
-1
-1
-1
-1
-1
-1
-1
-1
-1
-1
-1
-1
-1
-1
-1
-1
-1
0.022042828154615397
-1
0.02138575645682621
-1
-1
0.02052350821170642
-1
0.020447832970330832
-1
-1
-1
-1
-1
0.020837368254527675
0.019403048448634712
-1
-1
-1
-1
0.01952541838068169
-1
-1
-1
-1
0.018721618791378344
0.01884724781657398
-1
-1
0.018028727965529998
-1
0.018026009694417658
-1
0.01824254105209532
0.017448209271188946
-1
-1
-1
0.017242217746203197
-1
-1
-1
0.017611722593431082
-1
-1
-1
-1
-1
-1
-1
-1
0.017142662954703777
-1
-1
0.015975238289482906
-1
0.016222056981425564
-1
-1
-1
-1
-1
-1
-1
-1
-1
0.016511323220915208
-1
0.01612994743925449
-1
-1
-1
-1
0.01540180794556764
-1
0.014693158581756361
-1
-1
-1
-1
-1
-1
-1
-1
0.015225182657107936
-1
-1
-1
-1
-1
-1
-1
-1
0.014540754071965846
-1
-1
-1
-1
-1
-1
0.014212573804041737
-1
-1
0.013985156652479399
-1
-1
-1
-1
-1
-1
-1
0.014554351252819498
-1
-1
-1
-1
-1
0.014027425089999872
-1
-1
-1
-1
0.0133592855338144
-1
-1
-1
-1
-1
