-1
-1
-1
-1
-1
0.07557947286451706
-1
-1
-1
-1
-1
-1
0.07556125371143071
0.07553895820270885
-1
-1
-1
-1
-1
-1
-1
0.07542354615047725
-1
-1
-1
-1
-1
-1
-1
-1
-1
-1
-1
-1
-1
-1
-1
-1
-1
-1
-1
-1
-1
-1
0.06781415301139908
-1
-1
-1
-1
-1
0.06477575121503888
-1
-1
-1
0.06383802366979195
-1
-1
-1
0.06300783735333067
0.06269606544513895
-1
-1
-1
-1
-1
-1
-1
-1
-1
-1
-1
-1
-1
-1
-1
-1
0.057233954258639405
-1
-1
-1
0.056342544880780304
0.05623038531553866
-1
0.05553164722943547
-1
-1
0.054632468657060104
0.05413315488834573
-1
-1
-1
0.053652533316853074
-1
-1
-1
0.05260927472451721
-1
0.05220325896234223
-1
-1
-1
0.05116131666934851
-1
-1
0.05077407402221602
-1
-1
0.0501588974336181
-1
0.04986759869739263
-1
-1
-1
-1
-1
-1
-1
-1
-1
0.04834448321901187
-1
0.04786457907069813
-1
-1
0.04725504210501006
-1
-1
0.046879212483011114
0.047030937370627815
0.04674201722096915
-1
-1
-1
0.04614378045303653
0.04549261078690038
-1
-1
0.044856822189658585
0.04531447812162265
0.04452671992658365
-1
-1
-1
-1
-1
-1
-1
-1
-1
-1
-1
-1
-1
-1
-1
-1
-1
-1
0.04253084244150104
-1
-1
-1
-1
-1
-1
-1
0.04209872291545676
-1
-1
0.0415931077918621
-1
-1
-1
-1
-1
-1
-1
-1
-1
-1
-1
0.041027366482850276
-1
-1
-1
0.040371199479006754
0.040356309967811664
-1
0.03980770683047748
-1
0.039652744357032005
-1
-1
-1
-1
0.03921580778227912
-1
-1
-1
0.039135802544728676
-1
-1
-1
-1
-1
-1
-1
-1
-1
-1
-1
-1
-1
-1
0.03774452555661249
-1
0.03774044435433667
-1
-1
-1
-1
0.03667977945973175
-1
-1
-1
-1
-1
-1
-1
0.036187517552664784
0.03584388437295201
-1
-1
-1
-1
0.03525810142358144
-1
-1
-1
-1
-1
-1
-1
-1
-1
0.03450390889187052
-1
0.03407624288640841
-1
-1
-1
0.03403027482105024
-1
-1
-1
-1
0.032838297612739334
-1
-1
0.0323881102932824
-1
0.03227413477319659
-1
-1
-1
0.03180070135629538
-1
-1
-1
0.03102157155070642
-1
0.031150674503861053
0.030582432012365324
-1
-1
0.03044301306057458
-1
0.02966108066265029
-1
-1
-1
0.029101344973149926
-1
0.028660708906674624
-1
0.028490873253104662
-1
-1
-1
-1
-1
-1
-1
-1
0.02858034778725017
-1
-1
0.02813702124838877
-1
-1
-1
0.027338737956803253
0.026383360693551072
-1
-1
0.026692565793942923
-1
-1
-1
-1
-1
-1
-1
-1
0.02652815824957809
-1
-1
-1
-1
-1
-1
-1
-1
0.02549284795920054
-1
-1
-1
0.02489868611699403
-1
-1
-1
-1
-1
0.024492512756224837
-1
-1
-1
-1
-1
0.02377953581286199
0.024280889640853863
-1
-1
0.022561344519408062
0.023210607931920976
-1
0.02204564468878688
0.022128356782474903
0.02203689223588115
0.021084146585428353
-1
-1
0.021321108154576236
-1
0.02093209746209058
-1
-1
-1
-1
-1
-1
-1
-1
0.02115129189885626
-1
-1
-1
-1
-1
0.02121809675838008
-1
-1
-1
-1
-1
-1
-1
-1
-1
-1
-1
0.020794833782646394
-1
-1
-1
-1
-1
-1
0.01932171747615241
-1
0.020160741761627823
-1
0.018915700543709474
-1
0.018830413510552563
-1
-1
-1
-1
0.018986650172508127
-1
-1
-1
-1
-1
-1
-1
-1
-1
-1
-1
-1
-1
-1
0.01892702374042887
-1
-1
0.01820760704388823
-1
-1
0.01743239023242936
-1
-1
-1
0.01732083646335987
-1
0.016921055843733778
0.015952728666139372
0.01541720853384697
0.015362165296318555
-1
-1
-1
-1
-1
-1
-1
-1
-1
-1
-1
-1
-1
-1
-1
0.01597371631951043
-1
-1
-1
-1
-1
-1
-1
-1
-1
-1
0.016179319166324355
-1
-1
0.015197155067715983
-1
0.014970958016511767
-1
-1
-1
-1
-1
-1
-1
-1
-1
-1
-1
-1
0.01502649544202017
0.014647377286143976
-1
-1
-1
-1
-1
-1
-1
0.014412098828552647
-1
-1
-1
-1
0.013592012660258045
-1
-1
-1
0.014925905668901071
0.013487804617093067
0.013252194538110435
-1
-1
-1
-1
-1
