0.07511633859647739
0.0751165981337185
0.07511785469410859
0.07511318313491928
0.07510959585229833
0.07510859138204223
0.0750990616413819
0.07509995529423782
0.07510383356979122
0.07509613270526165
0.07509455302934269
0.07509474120773636
0.07509437485452576
0.0750881670794009
0.07508485589549813
0.07508272313293599
0.07508174911801353
0.07508124549349983
0.07507410282855267
0.0750753381591299
0.0750699948041867
0.07507169585683685
0.07506973282162682
0.0750692898854787
0.07506646309699212
0.0750616479309011
0.07505831362762094
0.07505822659650327
0.07505534601100397
0.07504665256935956
0.0750500914655921
0.07504110914288145
0.07503654473311416
0.07504139757934428
0.07503499362296435
0.07503288020065059
0.07502702421797461
0.07503136765984667
0.07502088491177503
0.0750084035602205
0.07501386440161502
0.07500318436077981
0.07499974168541826
0.07498984503579308
0.07498669768824721
0.07497475730789291
0.07497279538419141
0.07496440371711216
0.07495158246624999
0.07493660166547016
0.0749408611884484
0.0749201144371833
0.07491037795593689
0.0749009585880733
0.07486812495963001
0.07485965604270811
0.07484662293832063
0.07483254746123627
0.07481841040657951
0.07478290926882158
0.07474956345724892
0.07470229255569565
0.07469435994163816
0.07463739913104575
0.07461125167099747
0.07452978821067544
0.07450041904316082
0.07442272459710395
0.07432723434377106
0.07426778253141816
0.07419600275568751
0.07401728552260321
0.0739615525954809
0.07382406832732799
0.07360713543036046
0.07346064849889083
0.07319708859725987
0.07272375513623645
0.07221727126683945
0.07151495293303803
0.07123938973967012
0.07055068682957362
0.07040490692867822
0.07006745260634345
0.0698647392379654
0.06960358830876562
0.06933544749146575
0.06922664269978628
0.06893764692586618
0.06871108230733093
0.06826683374551626
0.06779772874080774
0.06787456210120853
0.06709236098336173
0.06742904853153896
0.06677728199458623
0.0666684701448276
0.0663957207352965
0.06603832895105535
0.06597257721952068
0.06546017039905895
0.06536328197914959
0.06541734625409533
0.06502252797702532
0.06457976555768705
0.06475425222259024
0.06442749605867969
0.06433676900841417
0.06393622112718773
0.06373005735846388
0.06380102095348296
0.06315900868191308
0.06313914941463158
0.06292359845621602
0.0625917100128316
0.06259897066440893
0.06257550110627999
0.0620820356693579
0.06191570064126751
0.061926993401178396
0.06172759338414475
0.06144325833220582
0.06104611044441348
0.060889962114098466
0.06035170482866692
0.06033898200188484
0.060136181824690806
0.05980666356208997
0.059317991616842626
0.05912161084599706
0.05863202935332185
0.0584982112293199
0.058420348500871994
0.05800476413228851
0.05754213322014797
0.05707501481463025
0.05671927267576987
0.056724180819549205
0.05598004047687237
0.05585895140410025
0.05601974256110914
0.05545680295059453
0.05516907112859623
0.054786580537026855
0.05523537300127647
0.0547035033330495
0.05428572984842153
0.054217061351785015
0.05394591051381785
0.053661114185840096
0.05359207639049539
0.05342231241417376
0.05340008657851142
0.05307432138002836
0.05294534504274666
0.05308540467615728
0.05279493026244335
0.0524577772144949
0.05236252087813158
0.05252183211711181
0.052330270402637116
0.05215128951973015
0.05199390885991094
0.052180313119243635
0.051870136438827694
0.05180917458656507
0.0517475926792705
0.05146914212020127
0.05153250872116267
0.05150845312016271
0.05172076742132227
0.050839315816794795
0.050724608081204076
0.051046333557520154
0.05088934020284728
0.05067144296108148
0.05081929966008469
0.05046939094027717
0.05071207315493853
0.050483684384183734
0.05023763207566766
0.0499431534524842
0.04984280957486524
0.050115842919249635
0.05012203102067356
0.04993124980748673
0.049964079101046756
0.049897718373990006
0.049464755347280794
0.04948590318639796
0.04968299749014261
0.0491429855773499
0.049346347788830736
0.04918462413174289
0.0487062157450856
0.048653305938471725
0.04903675114913976
0.048991155457663374
0.048738392138536715
0.04849998578602895
0.04853297408088381
0.048299227894602954
0.04842296430280992
0.04849283333980676
0.04829848918603573
0.04808515818802627
0.04822653423656117
0.04746745583060738
0.047515687019952804
0.04768036834565632
0.04766786765385341
0.04776793676656443
0.04751721423266929
0.047262785595891636
0.04707589705229362
0.04718343461310113
0.04736632489380025
0.046685218144130035
0.04681968016502185
0.04694041816782562
0.04652914928667473
0.04610245527921023
0.04665506658576308
0.046029339803682345
0.04640509209710679
0.04618576456616808
0.046398671523674384
0.04566539378710838
0.04580862833347631
0.0454760996889679
0.045712308450178665
0.04541977057645926
0.04534301885635981
0.04549040399787031
0.04534146435610898
0.0455076931795596
0.0448410532691262
0.045082085449378806
0.04481692197439553
0.04477777486636644
0.04488545008750506
0.04452815172555563
0.044232590770943735
0.044558182296219405
0.044399872248545115
0.044075801044633066
0.0441136172323516
0.04422938234600432
0.04371977927801492
0.04334950930588729
0.04353042910426925
0.04319547100778504
0.0433846767409976
0.043625977711799824
0.043461482285897496
0.0431365631677054
0.043507666409988224
0.043264842088961655
0.04287615255876021
0.04264151366440566
0.042719094236413915
0.04247711649585715
0.04216272077916108
0.04222064743508826
0.04236993636840429
0.04224741747885039
0.042501329653190846
0.04256048441488982
0.04180829408285501
0.04246441045285383
0.04217060051320038
0.04188029988384469
0.04178506494402052
0.041497627366117104
0.04147876120391703
0.0415566881497701
0.04137127899623417
0.041119041198339215
0.041364878485530686
0.04122144850817593
0.04141247961626742
0.04089362157252563
0.040851580790984325
0.04084514157199637
0.04098678110362766
0.04054139719142781
0.04029020321119082
0.040787740854116586
0.04039047370145927
0.040695852805406614
0.04029022933164121
0.04003121522200969
0.040207961500385705
0.03997853138507941
0.03997006171788925
0.03948360117443236
0.03943932589951095
0.03960493753006408
0.039823959396157786
0.03942094466069362
0.0391600588540653
0.03950245697181542
0.03926214674413899
0.039227618815459844
0.038941820990511314
0.03915989707399915
0.03920482249804588
0.038730744715337155
0.03849087742380885
0.038762278601284075
0.03823114172284142
0.038426638622106095
0.038841474723149014
0.03843454967289815
0.03801500558297395
0.03863107588463452
0.038504749383681855
0.03762996430163617
0.03733342791492844
0.037721339611462505
0.03812061253683272
0.03786891512659602
0.03743737944356212
0.03791893226005536
0.03725420925722812
0.03742313193274544
0.037538115655903495
0.03699922642229876
0.037106219371715626
0.03705797690055865
0.03709874255951746
0.03695625983751737
0.03705782973682964
0.036544634217704645
0.036681102289186494
0.03692926685293238
0.03644548168271294
0.03610301976437335
0.0360643518832458
0.03616385626626181
0.03590804388473084
0.035754297746644986
0.036022364342962944
0.035395588519134165
0.0359893269750066
0.035794366323030916
0.03518660649275168
0.035323299867012006
0.03506687023700812
0.034925834643535124
0.03557675874038732
0.03497545180065093
0.03460059099264078
0.03465407644952093
0.034582754031761545
0.03501850038697392
0.03470684573366925
0.03447223568296099
0.03428442986695083
0.033983788984916705
0.034516274456655505
0.0344771207907261
0.03386615781517296
0.03368870756287119
0.03375087512400878
0.03374442398409187
0.03352996613873747
0.03381319501739004
0.033500593386607845
0.033282018986059515
0.03331952256200475
0.032989027005531295
0.03277185274448706
0.033078538482283655
0.03323383789796096
0.0325500652784512
0.03298736749551235
0.03280310213982642
0.032341437962227486
0.03211542812538592
0.03243176606429485
0.032249703523996
0.03201050163704754
0.03236170698712756
0.03158874795153424
0.03111977774502236
0.03188387639039046
0.031067287338363538
0.03147133869446797
0.03139809117172703
0.03093845513595012
0.030368829551554503
0.03143771175460104
0.030834294671501037
0.030535623354789536
0.03090487610210072
0.030622905034285323
0.030831991014502822
0.02980283294524346
0.030069522479753117
0.030274009343349575
0.029462481684340187
0.029915902275583408
0.029942714112066168
0.029506038619088126
0.030016079565861845
0.02938766962998397
0.029160188419835552
0.029570248771658588
0.028487121336387863
0.02917465231357477
0.029114802372761265
0.02853670139690657
0.029047872483869256
0.028201368055143554
0.028313420910935305
0.027865740733268935
0.028266433485738048
0.02761757208472921
0.028004101495364888
0.027897892659638587
0.027131861434394108
0.027382016779381634
0.027500877291450412
0.028194714078814277
0.027261248960361615
0.026747206541208123
0.027326547571551275
0.027172425021102654
0.026775944677544086
0.02676074043576256
0.026484501611936342
0.026172483953840524
0.026044291910869537
0.026071503584757273
0.025942829133191583
0.026084483920277415
0.0257312770212169
0.026110357518518444
0.02564788464899663
0.02500826348235835
0.025613478583333654
0.025263800223668417
0.025901626498549137
0.025088081646076725
0.02512015532224606
0.02472485071851379
0.0245806119102976
0.024707093550052954
0.024448382757204675
0.023700354135397707
0.024343631011900645
0.024198968135393583
0.023363697431582117
0.023625352026977183
0.024111552199561556
0.02302285578701046
0.023433921553871848
0.022721366518305176
0.022954281990900462
0.022872087283012193
0.02331682906284199
0.0220560427868005
0.022705221481812306
0.021986391799989003
0.022466298833593624
0.022259055039821528
0.022459363103746535
0.02160905315464749
0.022164725423692824
0.021938915519447592
0.021386543805504733
0.02213366059434442
0.021314379315831997
0.021671682915765367
0.02097383937635622
0.021580585559487064
0.02107164938966711
0.02102333342000877
0.02054331736825841
0.021147148050628343
0.019952352258153172
0.020884568603722366
0.02017140330134572
0.020531629737996278
0.020284255192830013
0.02044164639113944
0.019813911717532676
0.020232161796176353
0.019743852723728528
0.019286512078105153
0.019295660460189785
0.019322020843590332
0.019579160275992814
0.018214009330544994
0.0188564317626553
0.01879403252840598
0.01826081262046085
0.01840609532275122
0.018404617433225634
