-1
-1
0.07600536638835691
-1
0.07600637112023696
-1
-1
-1
-1
-1
-1
-1
0.07596922033237961
0.07596315269200307
0.07594957801530947
-1
-1
-1
-1
-1
-1
-1
-1
-1
-1
0.0754191794485416
0.07521137302776552
-1
-1
-1
-1
-1
-1
-1
-1
-1
-1
0.07146160068377008
0.07100002422647657
0.07049461035233623
-1
-1
0.06930779078096713
-1
-1
0.06732320504368476
-1
0.06646018708651921
-1
0.06585734435972178
0.0656697356475974
-1
-1
-1
-1
-1
-1
-1
-1
-1
-1
-1
-1
0.06284032031050268
-1
-1
-1
-1
-1
-1
-1
-1
-1
-1
-1
-1
-1
-1
0.05765957230666898
-1
-1
-1
-1
-1
-1
0.0555730532362776
-1
-1
0.05512890157834539
-1
-1
-1
-1
-1
-1
-1
-1
-1
-1
0.053142663780248386
-1
-1
-1
-1
-1
-1
0.05153062815936106
-1
-1
-1
-1
-1
-1
-1
-1
0.04979765032822231
-1
-1
-1
-1
-1
-1
-1
-1
0.048127601675267494
-1
-1
-1
-1
-1
-1
-1
-1
-1
-1
0.045832320541705725
-1
-1
-1
-1
-1
-1
-1
0.04447231084670661
0.04409511019036455
0.04395077248226922
0.04383290320072534
-1
-1
-1
0.04311658290197264
0.04259251176186327
0.0422851598206556
0.041996713882347325
-1
-1
0.04152403861846564
-1
0.04104029946732071
-1
-1
-1
0.04018401579474503
-1
-1
-1
-1
-1
-1
-1
-1
-1
0.0392309140765442
-1
0.03881736172820037
-1
0.0382272371424819
-1
0.037751299367760706
-1
0.03771366457331855
-1
-1
-1
-1
-1
0.03729377824742839
-1
0.036602146220657064
0.036704345412974085
-1
0.036334143663352386
-1
-1
-1
-1
-1
-1
-1
-1
-1
-1
-1
-1
-1
-1
-1
-1
0.034592666575368844
-1
0.034269804380974676
-1
0.033964015908961025
-1
0.03331321126447534
-1
-1
-1
0.03352633076456358
-1
0.033004387861715175
-1
-1
-1
0.032260232095448475
-1
-1
-1
-1
-1
-1
-1
-1
0.031950444165828096
-1
0.031515839049276316
-1
0.030856622024527134
-1
-1
-1
-1
-1
-1
-1
0.029974297926111042
0.029570460066480456
-1
-1
-1
-1
-1
0.02902310261467718
-1
0.028539248077936893
-1
-1
-1
-1
-1
0.02790178395104858
-1
0.027809607462500625
-1
-1
-1
-1
-1
-1
-1
-1
0.027152015788937514
-1
-1
-1
-1
-1
-1
-1
-1
-1
-1
-1
0.02651019071070653
0.0254293477900748
-1
-1
-1
0.025199669768225474
-1
0.025056413652480774
0.024667113583605245
-1
-1
0.02441755586637641
0.023898598861019565
-1
-1
0.02374103824906754
-1
-1
-1
-1
-1
0.023279927431974774
0.02346499229798902
-1
-1
-1
-1
0.02264880415684772
-1
-1
-1
-1
0.022245012476759137
-1
-1
-1
-1
-1
-1
-1
-1
-1
0.021791428081550688
-1
0.021556008863702132
-1
-1
-1
0.021254455719916326
-1
0.02064916787423053
-1
-1
-1
0.01978725731935141
-1
-1
-1
-1
0.019886255988253738
-1
-1
-1
0.01921239505117794
-1
0.019265160280859697
-1
-1
-1
-1
-1
-1
0.019026451949733045
0.01873543064971015
0.01844173653648709
0.01775675779911426
-1
0.01730703757197227
-1
-1
-1
-1
-1
-1
-1
-1
-1
-1
-1
-1
0.017379336677632244
-1
-1
0.01732847493071601
-1
-1
-1
-1
-1
-1
-1
-1
-1
-1
-1
0.01671180829476073
-1
-1
-1
-1
-1
-1
-1
-1
-1
-1
-1
-1
0.016267563515114335
0.015538552988601743
-1
-1
-1
-1
-1
-1
-1
-1
-1
-1
0.016131837866356913
-1
-1
-1
-1
0.015504993477238799
-1
-1
0.015202758455965316
-1
-1
-1
-1
-1
-1
-1
-1
-1
-1
-1
-1
-1
-1
-1
-1
-1
-1
0.01610550498238431
-1
-1
-1
-1
-1
-1
-1
0.014188132290991971
0.014550717704806407
-1
0.014189961605336306
-1
-1
-1
-1
-1
-1
-1
-1
-1
-1
-1
0.014391602262995153
-1
-1
0.013001430666355309
-1
0.012813267744374725
0.012792910276121406
-1
-1
-1
-1
-1
-1
-1
-1
-1
-1
-1
0.012439810650265021
-1
-1
-1
-1
-1
-1
-1
0.012650807931105483
-1
-1
-1
-1
-1
-1
-1
-1
-1
-1
