0.03993987528852714
-1
-1
-1
0.036592881808909336
0.03604911390201066
-1
-1
-1
-1
0.03498201739880466
-1
-1
-1
0.03384589391161305
-1
-1
0.03306769733281099
0.03263639345649601
0.03226256245790526
0.0318440223849097
-1
-1
-1
-1
-1
-1
0.030111766415973042
0.029763754070267198
0.029583964467972748
0.029099373346151307
-1
-1
-1
-1
-1
-1
-1
-1
-1
-1
-1
0.02695923452229463
-1
-1
-1
-1
0.026186422229737272
0.026086036387340042
-1
-1
0.025476443628932154
-1
-1
-1
0.025073085713756178
0.02489333619443021
-1
-1
-1
-1
0.024642657910206523
0.024229432584703434
-1
-1
0.02383225331472796
-1
-1
0.023812268293181133
0.023684537711069563
0.02338842324508253
0.023029810467431713
0.02262603044509888
0.02273769124533779
-1
-1
-1
-1
-1
-1
-1
-1
-1
-1
-1
-1
-1
-1
0.022315070240996607
-1
0.022043768795885783
0.021653678967047108
0.02177107532819112
-1
-1
-1
-1
-1
-1
0.021514603680418444
