-1
-1
-1
-1
-1
0.07240287762767864
-1
0.07240002990018897
-1
-1
-1
-1
0.07237834940416508
0.07235932969947032
-1
-1
-1
-1
-1
-1
0.07226466492786847
-1
0.0721905169496996
-1
-1
-1
-1
-1
-1
-1
-1
-1
-1
-1
-1
-1
-1
-1
-1
-1
-1
-1
-1
-1
-1
-1
-1
-1
-1
-1
0.06186269629176558
0.061527306328779494
-1
0.06120307740425414
-1
0.06067396394861569
-1
-1
-1
-1
-1
-1
-1
0.05862843895358359
-1
-1
-1
-1
-1
-1
-1
0.05618856393066342
-1
-1
-1
0.05484293811726121
0.05439163718833363
0.054088651559137946
-1
-1
-1
0.052859197172728724
-1
-1
-1
-1
0.05145905082830593
-1
-1
0.05086991112187223
-1
-1
-1
-1
-1
-1
-1
-1
-1
-1
-1
-1
-1
-1
0.04796596033268254
-1
-1
-1
-1
-1
-1
-1
-1
-1
-1
-1
-1
-1
-1
-1
-1
-1
-1
0.0447580277794812
-1
-1
-1
-1
-1
-1
-1
0.043422342746262776
-1
-1
-1
-1
-1
-1
-1
-1
-1
-1
-1
-1
-1
-1
-1
0.04150016910125125
0.04130722471753006
-1
-1
-1
0.040696111690073394
-1
-1
-1
-1
-1
-1
-1
-1
0.039247496922810876
-1
-1
0.03901985791244347
-1
-1
-1
-1
-1
-1
0.0381675599006237
0.03773251194624031
0.037807888554826974
-1
-1
-1
-1
-1
-1
-1
-1
-1
-1
-1
-1
-1
-1
-1
-1
-1
0.03570686278853027
0.03564561293060174
0.03527602579608654
-1
-1
0.034996361002732124
-1
-1
-1
-1
-1
-1
-1
-1
-1
-1
-1
-1
-1
-1
-1
-1
-1
-1
-1
-1
-1
-1
-1
-1
0.03265191469052552
-1
-1
-1
-1
0.032114010836843176
-1
-1
-1
-1
-1
-1
-1
-1
0.03134614741527309
-1
-1
-1
0.031035875549356395
-1
-1
-1
0.030074342966579543
-1
-1
-1
-1
-1
-1
-1
-1
-1
-1
-1
-1
-1
-1
-1
-1
0.028908202958057013
-1
-1
0.028877150737514533
-1
-1
-1
-1
-1
-1
-1
-1
-1
-1
-1
-1
-1
-1
-1
-1
-1
-1
-1
-1
-1
-1
-1
-1
-1
-1
0.026537885405982314
0.026101111740936024
-1
-1
-1
-1
0.02580564105785618
0.025248210697553942
-1
-1
-1
-1
-1
-1
0.024908394908505167
-1
-1
-1
-1
-1
-1
-1
0.024456387420870224
-1
-1
-1
0.024140268801643164
0.023206896202119392
-1
-1
-1
-1
0.022815312029680616
-1
0.022157356936476764
-1
-1
-1
-1
-1
-1
-1
-1
-1
-1
0.02176061145164682
-1
-1
-1
0.021564237039294134
-1
-1
-1
-1
-1
-1
0.021382014381560642
0.02056363426164511
0.02024613637594307
-1
-1
-1
-1
0.020072586119050002
-1
-1
-1
-1
-1
0.01973144037168731
0.01903738686873478
-1
-1
-1
-1
0.01842257965285823
0.01827446106094984
0.017800108879117347
0.017602213161296565
0.017107932185227017
-1
0.016696778408386424
-1
-1
-1
0.016506589883528416
-1
-1
-1
-1
-1
-1
-1
0.01652329029277186
-1
-1
-1
-1
-1
-1
-1
-1
-1
-1
-1
-1
0.01609248342753956
-1
0.015963795331289183
0.015569839687467371
-1
-1
-1
-1
-1
-1
-1
0.015737532600916655
0.014669379335779316
-1
-1
-1
-1
0.014924084759108426
0.014596345614587235
-1
0.013734942824585634
-1
-1
-1
-1
-1
-1
-1
-1
-1
-1
-1
-1
-1
-1
-1
0.014355302931627636
-1
-1
-1
0.01393088963921465
-1
-1
-1
-1
0.012853298859526276
-1
-1
-1
-1
-1
-1
-1
-1
-1
-1
-1
-1
-1
-1
-1
-1
-1
-1
-1
0.012998193002596841
-1
-1
-1
0.012654782753570524
0.012155346469309344
-1
-1
-1
-1
-1
-1
-1
-1
-1
0.011963654676573331
-1
-1
-1
-1
0.01176620874264955
-1
-1
-1
-1
0.011763076179619854
-1
-1
-1
-1
-1
-1
-1
0.010929549346429998
0.011244917890560702
-1
-1
-1
-1
