-1
0.040352994860006326
-1
-1
-1
0.03725306147520763
0.03673425471730169
-1
-1
-1
-1
-1
-1
0.034424054044983984
0.03417906236018378
-1
-1
-1
-1
-1
0.03211663641068379
0.03161811503019627
0.03108791128654312
-1
-1
-1
-1
-1
-1
-1
-1
-1
-1
0.02886274354573388
0.02857899791868773
0.028264202105316296
0.027960456257874747
-1
-1
-1
-1
-1
-1
-1
-1
-1
-1
-1
0.026302680255032844
0.02614578539054299
0.025884967464707496
0.025640312139158208
-1
-1
-1
-1
-1
-1
-1
-1
-1
-1
-1
-1
-1
0.02448356269739798
0.024305359750067087
0.024179815878426974
0.0240513435281846
0.024188981208507182
-1
-1
-1
-1
-1
-1
-1
-1
-1
-1
-1
-1
-1
-1
-1
0.02358415076911187
0.023033066861955078
0.022936777291318915
0.023162310055173968
0.02284830483045872
0.022818373793547377
0.02264528216769517
0.02256959708251617
0.022569338760712074
-1
-1
-1
-1
-1
-1
