-1
-1
-1
-1
-1
-1
-1
0.07472499521263751
-1
0.07471573063821504
-1
-1
-1
-1
-1
-1
0.07469119664394494
-1
-1
-1
-1
-1
-1
-1
-1
-1
-1
-1
-1
-1
-1
0.0745667214001412
-1
-1
-1
-1
-1
-1
-1
0.07411914212363106
-1
-1
-1
-1
-1
-1
-1
-1
-1
-1
-1
-1
-1
-1
-1
-1
-1
-1
-1
0.06811536725981411
-1
0.06691497409498537
-1
-1
-1
-1
-1
0.06497183805936342
-1
-1
-1
-1
-1
-1
-1
-1
-1
-1
0.06296596619989965
-1
-1
-1
-1
-1
-1
-1
-1
-1
-1
-1
-1
-1
-1
-1
-1
-1
0.058338340742763506
-1
-1
-1
-1
-1
-1
-1
-1
-1
-1
-1
-1
-1
-1
-1
-1
-1
-1
-1
-1
-1
-1
-1
-1
-1
-1
0.05297688906326954
-1
-1
-1
-1
-1
-1
-1
-1
-1
-1
-1
-1
-1
-1
-1
-1
-1
-1
-1
-1
-1
0.05077738927040265
-1
-1
-1
-1
-1
0.050266628760796093
-1
-1
-1
-1
-1
-1
-1
-1
-1
-1
-1
-1
-1
-1
-1
-1
-1
-1
-1
-1
-1
-1
-1
-1
-1
-1
-1
-1
-1
-1
-1
-1
-1
-1
-1
-1
-1
0.046364162236581116
-1
-1
-1
-1
-1
-1
-1
-1
-1
-1
-1
-1
-1
-1
-1
-1
-1
-1
-1
-1
-1
-1
-1
0.04416287386572206
-1
-1
-1
-1
-1
0.04356875303503755
-1
-1
-1
-1
0.043056857353681095
-1
-1
-1
-1
-1
-1
-1
-1
-1
-1
-1
-1
-1
-1
-1
0.04151349542460916
-1
-1
-1
-1
-1
-1
0.0413086280420229
-1
-1
-1
-1
-1
-1
-1
-1
-1
0.0405584945823207
-1
-1
-1
-1
-1
-1
-1
-1
-1
-1
-1
-1
0.03963909858749026
-1
-1
-1
-1
-1
-1
-1
-1
-1
-1
-1
-1
-1
-1
-1
-1
-1
-1
-1
-1
-1
-1
-1
0.036811355878780413
-1
-1
-1
-1
-1
-1
-1
-1
-1
-1
-1
-1
-1
-1
-1
-1
-1
0.034962890493921386
0.03485475141248662
-1
-1
-1
-1
-1
-1
-1
-1
-1
-1
-1
0.03411874335049551
-1
-1
-1
-1
-1
-1
0.033461725582808126
-1
-1
-1
-1
-1
-1
-1
-1
-1
-1
-1
-1
-1
-1
-1
-1
-1
-1
-1
-1
-1
-1
-1
-1
-1
-1
-1
-1
-1
-1
-1
-1
-1
-1
-1
-1
-1
-1
-1
-1
-1
-1
-1
-1
-1
-1
-1
-1
-1
-1
-1
-1
-1
-1
-1
-1
-1
-1
-1
-1
-1
-1
-1
-1
-1
-1
-1
-1
-1
-1
-1
-1
-1
-1
-1
-1
-1
-1
-1
-1
-1
-1
-1
-1
-1
-1
-1
-1
-1
-1
-1
-1
-1
-1
-1
-1
-1
-1
-1
-1
-1
-1
-1
-1
-1
-1
-1
-1
-1
-1
-1
-1
-1
-1
-1
-1
-1
-1
-1
-1
-1
-1
-1
-1
-1
-1
-1
-1
-1
-1
-1
-1
0.027051257248564716
-1
-1
-1
-1
-1
-1
-1
-1
-1
-1
-1
-1
-1
-1
-1
-1
-1
-1
0.02666915215197064
0.02543792397557915
-1
-1
-1
-1
0.024669328783497667
0.024195023268074184
0.02327470814252829
0.02224612899156876
0.020863856975134317
-1
-1
-1
-1
-1
