0.07293232156140772
-1
0.07292916656079874
-1
0.07292057421412404
-1
0.07291652401108548
-1
0.07291475280917067
-1
0.07290254944589883
-1
0.07289675695324375
-1
0.07290121279151192
-1
0.07288651811591101
-1
0.07288506106553573
-1
0.07287406468283536
-1
0.07287370996777288
-1
0.07286109287814317
-1
0.07284458762380332
-1
0.07283758297225469
-1
0.07280251192291397
-1
0.07276457111220554
-1
0.07270649881923899
-1
0.07259771716001347
-1
0.07245457334216364
-1
0.07220708557922915
-1
0.07186293116522051
-1
0.07148321926324076
-1
0.07094753942877999
-1
0.070304770814887
-1
0.06946518237774188
-1
0.06880531731773824
-1
-1
0.06803238791038548
-1
0.06733626127243042
-1
0.066518080827877
-1
0.0655466411987581
-1
0.065118325619676
-1
0.06454192788352793
-1
0.06377029866654409
-1
0.06333885058018957
-1
0.06267212095303773
-1
0.06271572598504804
-1
0.06222686228169575
-1
0.06165577825917378
-1
0.06117428465666275
-1
0.06080989638065321
-1
0.060445821716774636
-1
0.05996139464874613
-1
0.05923566019912651
-1
0.05884687846602358
-1
0.05834463667545923
-1
0.05773670840587012
-1
0.05711569802254034
-1
0.056835758200597976
-1
0.0561311961299154
-1
0.05576655406218309
-1
0.05512375400077164
-1
0.05493877581341774
-1
0.05439311222792751
-1
0.05423934367986826
-1
0.05386906980928792
-1
0.05363221179306237
-1
0.052934442440309135
-1
0.052663851107946885
-1
0.052557070222915024
-1
0.05197830049160918
-1
0.0517048873512993
-1
-1
0.051318625357356006
0.051141834636619185
-1
0.05075164661148555
-1
0.05037785094248223
-1
0.05010460863286014
-1
0.049898148230298076
-1
0.04952799637393175
-1
0.04890906584208907
-1
0.04907656616754662
-1
0.04876618741324584
-1
0.048316278392912575
-1
0.04799181746141943
-1
0.047483512718753035
-1
0.04714899386755482
-1
0.046969117568089414
-1
0.04639534254419318
-1
0.04644271442793074
-1
-1
0.04608032654852889
-1
0.045790422717910007
-1
0.04516997941478885
-1
0.04514833305755891
-1
0.044819282460536354
-1
0.04482553204799669
-1
0.04441339500349572
-1
0.04408899475546444
-1
0.0439924679730273
-1
-1
0.04322344598726989
-1
0.04342381757308995
-1
0.0430297560281883
-1
0.04263753176274882
-1
0.04257434930197254
-1
0.04209236996206223
-1
0.04185010345812837
-1
0.041557671365694764
-1
0.04079811057893399
-1
0.04136406336974235
-1
0.0409829806957849
-1
0.04073203192577103
-1
0.04056041267662566
-1
0.039782421944907345
-1
0.03979584585487573
-1
0.04026731263458459
-1
0.03931549355994522
-1
0.03926472995615653
-1
0.038906600518463966
-1
0.03897711391902078
-1
0.038760359012163605
-1
0.0385973744262937
-1
0.037830135913995595
-1
0.03784111525138578
-1
0.037851193722556624
-1
0.037445810423717245
-1
0.03685834488717679
-1
0.03721041045577277
-1
0.03732060744212223
-1
0.03631144562458021
-1
0.03614731579344736
-1
0.0364224425268389
-1
0.03572555801987109
-1
0.03604303603798016
-1
0.03522582221354834
-1
0.03528366374753719
-1
-1
0.03492854709538939
-1
0.03481082069388342
-1
0.033948056487476126
-1
0.034367975902773136
-1
0.03359725987749402
-1
0.03413575234995708
-1
0.03290376040191133
-1
0.03303164265274462
-1
0.03321606468291304
-1
0.03270273160071394
-1
0.03217615023997035
-1
-1
0.032367488135040076
-1
0.03241586706757006
-1
0.03148723077450403
-1
0.03167035744201004
-1
0.030923794567315286
-1
0.030641582378974325
-1
0.030832771801840665
-1
0.03045077121635368
-1
0.029890489281572365
-1
0.029383106954496908
-1
0.02940206743473381
-1
0.029346212003026072
-1
0.02875777121582722
-1
0.028299933793318216
-1
0.028462713606217327
-1
0.027380773168883172
-1
0.02769917535566097
-1
0.027780804294266853
-1
0.027094590016619655
-1
0.027272474334250747
0.026895681954077464
0.02616284519299123
-1
0.025734972994252026
-1
0.02597700512517092
-1
0.02552248561813821
-1
-1
0.02573757669235247
-1
0.0242864152290163
-1
0.024758730403977823
-1
0.024379650634877823
-1
0.02436463227369127
-1
0.02411174667636733
0.023265085298551154
-1
0.022994899979004495
-1
0.023265340762440436
-1
0.02304377096001379
-1
0.02307149072038642
-1
0.02233066557489369
-1
-1
0.02247146697065949
-1
0.02169835319346432
-1
0.021495345652912536
-1
0.021627407011942625
0.020946298802600186
-1
0.020718323240452762
-1
0.020520382121677314
-1
0.020010366172812103
-1
0.020259603655715875
-1
0.020207245870413285
0.0196115753567057
-1
0.0191734423060223
-1
0.018923728673706227
-1
-1
0.018979515829776746
0.018644144773752983
-1
0.017692657084756307
-1
0.018535380207035875
-1
0.017896885812552266
-1
-1
0.018132559408968928
-1
0.017241648008111374
-1
0.016885917030308582
-1
0.01707078594023286
-1
0.01731344655628118
0.01667369759190676
-1
0.016615391809206743
-1
0.016379493367078616
0.016338318289674785
0.015581661698775054
-1
0.015164936674396376
-1
0.014841739873810591
-1
0.015612583799599521
-1
0.014905564716229072
-1
0.015613994433869065
0.01511944416421571
-1
0.013758113110496987
-1
0.014382577926864452
-1
0.014213349963475137
-1
0.013848585369090689
-1
0.013308373565587523
-1
0.012977501547714165
-1
0.013645228588473203
-1
0.012962277193144975
-1
0.012994088704499723
-1
0.013586779990616967
-1
0.012072067053744157
-1
0.012524368806122654
-1
0.012402117447885453
-1
0.011528861290054622
-1
0.011522744019511599
-1
0.012247592837832093
-1
0.011059875604254088
-1
0.01170617702724707
-1
0.011646969616413117
-1
0.011126885762042049
-1
0.011390628851107342
-1
0.01174038245734586
-1
0.010360992264963382
-1
0.011059903983886425
-1
0.010322536642734822
-1
0.01064226922001774
-1
0.010393289139502727
-1
0.010205934665321765
-1
0.010075876861810685
-1
-1
0.010072629780790925
-1
0.010064490365361736
-1
0.009397852117389575
-1
0.00864501789347079
-1
-1
0.009463689793154127
-1
0.008869943872296433
-1
-1
0.008767729114353386
-1
0.008373570209579769
-1
0.00922067334277058
-1
0.009059288389812228
-1
0.008688518502728431
-1
0.00846371854828224
-1
0.008614216802211909
0.007780504489646239
-1
0.00811577688784621
