0.03845483411033199
-1
-1
0.032928933197597286
-1
-1
0.029286455883170075
-1
-1
0.028704189489472585
-1
0.0282992222624005
-1
-1
-1
0.026942137232366596
-1
0.02601924585846235
-1
0.025124966288512608
-1
-1
-1
-1
0.023627323159631692
-1
0.023037731062691167
-1
-1
-1
-1
0.0218123626259138
-1
0.021408613942704113
-1
0.020961388102117576
-1
0.020220724254284266
-1
-1
-1
0.01947613279774504
-1
-1
-1
-1
-1
-1
0.018797974653963774
-1
-1
-1
-1
-1
0.01823263627178264
-1
-1
-1
0.01776278205637662
-1
0.017785020819250142
-1
0.01761412247171942
-1
0.01742045814136289
-1
-1
-1
0.017034144918873624
-1
-1
0.016645742744769692
-1
-1
0.01667497693367724
-1
0.016400191109135466
-1
0.016308573844297878
-1
-1
0.016215085803337817
-1
0.015828315199546094
-1
0.01586511940326331
-1
-1
-1
0.015451073961437875
-1
-1
-1
0.015385053967529873
-1
0.015310886828404553
-1
0.014978151658795916
-1
0.01484111430510035
