-1
-1
-1
0.07669867346021865
-1
-1
-1
-1
-1
-1
-1
-1
-1
-1
0.07664332230885823
0.07663073762257894
0.07661188793182373
-1
-1
0.0765935115814209
-1
-1
-1
-1
-1
-1
-1
-1
-1
-1
-1
-1
-1
-1
-1
-1
-1
0.07140199274486965
-1
0.07072334188885158
0.07064943398369683
-1
-1
-1
-1
-1
-1
-1
-1
-1
-1
0.06699058797624376
-1
-1
-1
-1
-1
-1
-1
-1
0.06442608986960517
0.06368850284152561
-1
-1
-1
-1
-1
-1
-1
-1
-1
-1
0.0599713495042589
-1
-1
-1
-1
-1
-1
-1
-1
0.0579507499800788
-1
0.05791674507988824
0.05691608020994398
-1
-1
-1
-1
-1
-1
-1
-1
-1
0.05603427102830675
-1
-1
-1
-1
0.05520481740103828
-1
-1
-1
-1
-1
0.054458613024817575
-1
-1
-1
-1
-1
-1
0.053524762418535016
-1
-1
-1
-1
-1
-1
-1
-1
-1
-1
-1
-1
-1
-1
-1
-1
-1
0.05115169991387261
-1
-1
-1
-1
-1
-1
0.049995911810133194
-1
-1
0.049350475470225016
-1
0.048406673908233645
0.04874022157986958
-1
-1
-1
-1
-1
-1
-1
-1
0.047997933546702065
-1
-1
-1
-1
-1
-1
-1
-1
-1
-1
-1
-1
-1
-1
-1
0.04611966048346626
-1
-1
-1
-1
-1
-1
-1
-1
0.045397676097022166
0.044343828863567775
-1
-1
0.04403112612830268
-1
-1
-1
0.04368169305059645
-1
-1
-1
-1
-1
-1
0.042052120102776425
-1
0.04181966288884481
0.041237584273020426
-1
-1
-1
-1
-1
-1
0.0405642083618376
0.03988365440898471
-1
-1
-1
0.04009683865971035
-1
-1
0.03908148813247681
-1
-1
0.03841054276625315
-1
-1
-1
-1
-1
-1
-1
-1
-1
-1
-1
-1
-1
-1
-1
0.03765651220745511
-1
0.03683627715375688
-1
-1
-1
-1
-1
-1
-1
-1
-1
-1
-1
-1
-1
-1
-1
-1
-1
-1
-1
0.035128827909628554
-1
-1
0.03510411689678828
-1
-1
-1
-1
-1
0.03327068587475353
-1
-1
-1
0.03265738824341032
0.03255593219068315
-1
0.03168545981579357
-1
0.03181798812415865
-1
0.03152376546793514
0.03031342046128379
0.029958989093701045
0.030460443615913393
-1
-1
-1
-1
-1
-1
0.029590420034196645
0.029843763606415854
-1
-1
-1
-1
0.02908683748046557
-1
-1
-1
-1
0.028277964002556274
-1
-1
0.027752842341860134
-1
-1
-1
0.027063357623914878
-1
-1
-1
0.0279340830726756
-1
-1
-1
0.02639193238152398
-1
-1
-1
-1
-1
-1
-1
-1
-1
0.024776570005549326
-1
-1
0.025088670677608914
-1
-1
0.0257853094148967
0.024442957346638042
-1
-1
-1
0.024540416966295903
-1
-1
-1
-1
-1
-1
-1
-1
-1
-1
-1
-1
-1
-1
-1
-1
0.02283770003583696
-1
-1
-1
0.025310186926275492
0.02206788850824038
-1
-1
-1
-1
-1
0.021124106935328908
-1
-1
-1
-1
-1
-1
-1
0.0210934341268407
-1
-1
-1
0.020228868121074307
-1
-1
-1
-1
-1
-1
-1
-1
-1
-1
0.01985959920204348
-1
-1
-1
-1
-1
-1
0.019799723975774314
-1
0.02051010044415792
-1
-1
-1
-1
-1
-1
-1
-1
-1
-1
-1
-1
-1
-1
-1
-1
0.022392243242926067
-1
0.020395734542773828
-1
-1
-1
-1
0.019742998310830442
0.01847217005376135
0.01746703796585401
-1
-1
-1
-1
0.016843667636315028
-1
-1
-1
-1
-1
0.01689456035527918
0.016209401493374673
-1
-1
-1
-1
-1
0.016557479758746923
-1
-1
-1
0.015865755528211595
-1
-1
-1
-1
-1
-1
-1
0.015534074022279432
-1
-1
-1
-1
-1
0.01565384090991898
-1
-1
-1
-1
-1
0.016408220384295822
-1
-1
0.014429497361804048
-1
0.014257378872005372
-1
-1
-1
-1
0.014233325002973692
-1
-1
-1
-1
-1
-1
-1
-1
0.016489505374079776
0.013498426189064048
-1
-1
0.012778143657785323
-1
0.012430143651345538
-1
-1
-1
-1
-1
-1
-1
-1
-1
0.012567836647077153
-1
-1
-1
-1
-1
-1
-1
-1
