0.0760647310559445
-1
-1
-1
0.07603931563541227
-1
-1
0.07602297009875596
-1
0.07600143785518695
-1
-1
0.07599475740861261
-1
-1
-1
0.07594811317679115
-1
-1
0.07591017552934554
-1
-1
0.07584973904529857
-1
-1
0.07575956672298752
-1
-1
0.07556340305815709
-1
-1
0.0750318956795243
-1
-1
0.07364915467568955
-1
-1
0.07078005175233412
-1
-1
0.06982076341360151
0.06944743431612259
-1
-1
-1
-1
0.0679927612191255
-1
-1
0.06639602105522996
-1
-1
0.06491837228447331
-1
-1
0.06322984952758588
-1
-1
0.06197928563088573
-1
-1
0.0603756583734756
-1
-1
0.058909298932499826
-1
-1
0.05696657980066039
-1
-1
-1
0.055176988362215684
-1
-1
0.054042332918108296
-1
0.053432440967811884
-1
-1
0.05286231828681173
-1
-1
0.05217329589280788
-1
-1
0.051852236760345324
-1
-1
-1
0.0513020272822107
-1
-1
-1
0.05044947043389476
-1
0.050331809604745606
-1
0.04996119650975198
-1
-1
0.05004186819303403
-1
-1
-1
0.04936296099608165
-1
0.0485636611867056
-1
-1
-1
0.048514708233299765
-1
-1
-1
0.04724821500841216
-1
0.047315539268670104
-1
-1
0.04673206260025763
-1
-1
-1
-1
0.046242118354410854
-1
0.045919613192260005
-1
0.04596642570873714
-1
-1
0.045477446375439344
-1
-1
-1
0.0449698478377338
-1
-1
0.04413735561959019
-1
-1
0.04418255395301113
-1
0.04340957810175051
-1
-1
0.043355342706394615
-1
-1
-1
0.04272876334610489
-1
-1
0.042676107946471496
-1
-1
-1
-1
-1
0.04204893758118415
-1
-1
0.041409139958772365
-1
0.04069904677143181
-1
0.041197778527432075
0.04054530979778273
-1
-1
-1
-1
0.03992217863183715
-1
0.039661892710278215
-1
-1
0.03944708153539817
-1
-1
-1
0.03945782460305135
-1
0.03848019302679054
-1
-1
-1
0.038115746990699605
-1
0.038034141641356344
-1
-1
-1
0.03745385334880341
-1
0.03743537617149857
-1
-1
0.036974907892916166
-1
-1
0.035835706925077065
-1
-1
0.03572959351119491
-1
-1
-1
0.0359588765362811
-1
0.03556585456306189
-1
-1
-1
0.03465453973163067
-1
-1
0.03467705155259187
-1
-1
0.03379109065963308
-1
-1
0.03372793477274773
-1
-1
0.03268058042694293
-1
-1
-1
0.03301151250427515
-1
0.03265198396297279
-1
0.03162353785815218
-1
-1
0.03185316458147528
-1
-1
-1
0.0312629310176236
-1
-1
-1
0.030711604503808044
-1
-1
0.03105171423914149
-1
-1
0.02995552738988977
-1
-1
0.029298322893974542
-1
-1
0.02960858463190726
-1
-1
0.028660014455539014
-1
0.02813403922818306
-1
-1
-1
0.028131192574679588
-1
-1
0.027206603237448283
-1
-1
0.02759799470197787
-1
-1
0.02707007434137067
-1
-1
0.026666810107519975
-1
-1
-1
0.02647219698072005
-1
-1
0.026251239779237084
-1
0.026076974874025924
-1
-1
-1
0.025059589750178586
-1
0.02499530111246697
-1
-1
-1
0.024876726576278915
-1
-1
0.024448564720836504
-1
-1
0.024052730770494444
-1
-1
0.023518852837022704
-1
-1
-1
0.02334703956669123
-1
0.022880413808289604
-1
-1
-1
0.022584328066869455
-1
-1
0.022326818554937053
-1
-1
0.021991325609615718
-1
-1
0.021105014319461875
-1
-1
0.021338332835010493
-1
0.021030668776465932
-1
-1
-1
0.020087381516324793
-1
0.02032761274127183
-1
-1
0.020028831429024625
-1
-1
-1
0.019067373131668515
-1
-1
0.019658894401601627
0.018931403861171876
-1
-1
-1
0.018521094914640625
-1
-1
0.01809713169111817
-1
-1
0.01814215579500939
-1
-1
0.01720976615857973
-1
-1
-1
0.017027415686373143
-1
0.017103758190106188
-1
-1
-1
0.016548024056405486
-1
-1
0.01670676637358865
-1
-1
-1
0.016265377565184484
-1
-1
0.016344824554767903
-1
-1
0.01687019383657871
0.01611488156947861
-1
-1
-1
-1
0.015831806308011388
-1
-1
0.014386373086286798
-1
-1
0.014676691907650835
0.014745895941187895
-1
-1
-1
-1
0.014348328291614938
-1
-1
0.013553542420596278
-1
0.013957043173045969
0.013959925011259868
-1
-1
-1
-1
-1
0.013439786059182907
-1
0.012942278078584911
-1
-1
-1
0.012970211758947059
-1
-1
0.012817054800894357
-1
-1
0.01201545815250225
-1
0.011790212825154023
-1
-1
-1
0.01201549792818167
-1
-1
0.014297180856672415
0.012133258188375177
-1
-1
-1
-1
0.01098222277672871
-1
0.010748048245677076
-1
-1
-1
0.011490395314794543
0.010943876274364965
-1
-1
-1
0.010471331613294223
-1
-1
-1
0.010162901126734486
-1
-1
0.00993839090049989
-1
0.01027239472830939
-1
-1
-1
0.009749631469839535
-1
-1
-1
0.010364117950512843
0.00950604362191739
-1
-1
-1
-1
0.009447745881597245
-1
-1
0.009424979860857456
-1
-1
0.009091547365189584
-1
-1
0.008152547954593987
-1
-1
0.008699686330997504
-1
-1
0.007969218103567934
-1
-1
0.008371642224556287
0.007767684743606325
-1
-1
0.008093087993857618
0.007888605075248308
-1
-1
