0.0721168259912956
-1
0.07211673659766281
-1
0.07211579625771883
-1
0.07210480446783488
-1
0.0721046365614172
-1
0.07209781192293103
-1
0.07209636242331008
-1
0.07209103464813574
-1
0.07209093405363011
-1
0.07208877857899507
-1
0.07208169301350911
-1
0.07207728595008253
-1
0.07207060894976794
-1
0.07206211655465282
-1
0.07205108070800235
-1
0.07203461873184648
-1
0.07200418510693032
-1
0.07197721415184756
-1
0.07191268720349475
-1
0.07181744298145541
-1
0.07164394338125618
-1
0.07144694755008024
-1
0.07112897535831869
-1
0.0707208495812128
-1
0.07008581033489047
-1
0.06918477692060022
-1
0.06832542174081141
-1
0.06770708224917418
-1
0.0671748446138113
-1
0.06635513561684013
-1
0.06514377567325395
-1
0.06366071743719796
-1
0.06274655355969798
-1
0.06218248752406246
-1
0.06175049818068809
-1
0.061437951905082
-1
0.06100258549854526
-1
0.06075602484496115
-1
0.06062815994757668
-1
0.060153348013858673
-1
0.059850512948345556
-1
0.059439401178552
-1
0.05923534442381037
-1
0.05822406583184364
-1
0.05784665231470027
-1
0.05714829773444191
-1
0.05678893762413554
-1
0.056084431684523886
-1
0.05534811862629799
-1
0.054765584804867734
-1
0.05420352959259511
-1
0.053767931648015445
-1
0.05296946099940563
-1
0.05250980832699428
-1
0.05232009754351588
-1
0.051922237899746135
-1
0.051499935177881984
-1
0.05135409383965819
-1
0.050599199866821834
-1
0.050310925882668035
-1
0.04975158714874745
-1
0.049718742135920514
0.0496464927191169
-1
0.04935750934634966
-1
0.049057427455381525
-1
0.048840701286691414
-1
0.04863949243387653
-1
0.04823363419347161
-1
0.04759894985480597
-1
0.047493387282028024
-1
0.047580712326954405
-1
0.04714311545327206
-1
0.047174284282146685
-1
0.046936685766949746
-1
0.04639557805370698
-1
0.04646112492153842
-1
0.046053930096978314
-1
0.04572976355584676
-1
0.04540698373611075
-1
0.04544421239720628
-1
0.045083292752037644
-1
0.0447251979136627
-1
0.0448806412268005
-1
0.04460453613759154
-1
0.04463766981291291
-1
0.044125161715001866
-1
0.04351722954103611
-1
0.044069073397574536
-1
0.04354676837622452
-1
0.043294347372631097
-1
0.043461784847097375
-1
0.04301135641349775
-1
0.042686687273200456
-1
0.042756763934022356
0.04269502754979486
-1
0.04246177209303683
-1
0.04230140215598497
-1
0.041945049053337215
-1
0.042122453224472285
-1
0.0414302079736253
-1
0.041071248961241716
-1
0.041460270742975355
-1
0.0413674124135267
-1
0.04084311353013553
-1
0.04069009659274312
-1
0.04024619176083763
-1
0.040297151945314684
-1
0.03989813895833572
-1
0.04011339255894057
-1
0.03956036044980588
-1
0.039470801097434643
-1
0.03922527439108898
-1
0.03874831087637268
-1
0.03877647043074537
-1
0.039379285325940025
-1
0.03833060955307894
-1
0.03833050503826782
-1
0.037875187263659446
-1
0.038179278027024574
0.03773237717498335
-1
0.03777265327355472
-1
0.037050627248665896
-1
0.03733992208570441
0.0364848370253373
-1
0.03695870469880584
0.03707267256657816
-1
0.03609888830974331
-1
0.0358773125898118
-1
0.036098419179852376
-1
0.03535028618720821
-1
0.03547010419086055
-1
0.034494479577279996
-1
0.03468536511896974
-1
0.03459179865433866
0.03424850267585225
-1
0.034186787919976834
0.03413437671576037
0.033619464697187115
-1
0.03362097553492126
-1
0.03375532811120052
0.03330195470144285
-1
0.03332093028680857
0.032638790276759956
-1
0.03233910817694611
0.03239996539933036
-1
0.03202811196879786
-1
0.031998774909333096
-1
0.03161176877800517
0.03193750146784772
0.031574013062504847
0.03110478676405529
0.030723559696402326
-1
0.030589138768129968
0.03064047991562743
0.029927853849910247
-1
0.02997784609229239
-1
0.030117255515966907
0.029583263930591693
-1
0.029084945631773947
0.02899214770703241
-1
0.029107442984911684
0.02888162464103443
0.028858870094521198
0.027996503320049652
0.028210653074635755
-1
0.027689840036217266
-1
0.02765913721699043
-1
0.027623785288808596
0.02701701187180726
-1
0.026695705233537644
0.026295333207320314
-1
0.026059977906929033
-1
0.026613524322808453
0.025998854183777335
-1
0.02581912207123417
0.025674801558189478
-1
0.025035196942771044
-1
0.025165601811419663
0.02455399924476675
-1
0.02452309456981002
0.024565575266844473
0.023824934044673673
-1
0.02359869197444361
-1
0.02414264781629746
-1
0.02376734317015748
-1
0.022675203730329305
-1
0.02356099128989832
-1
0.0232716418886078
0.0219375338730396
-1
0.022481336849647877
-1
0.021589413918638122
-1
0.02168759224932199
-1
0.02177725439637033
-1
0.021432099219669962
-1
0.02062020035131399
-1
0.020860359439380485
-1
0.021052721749482806
0.01995917170639806
-1
0.020020080532803634
-1
0.019785064005478383
-1
0.0196109367163656
-1
0.019652292232385418
-1
0.01924510450837863
-1
0.018286897125393484
-1
0.01913144031093691
-1
0.01854182880463483
-1
0.01848033222576116
-1
0.01827717836804571
0.017943113495572836
0.017725192407100257
-1
0.017871573280701433
-1
0.01731581201889371
-1
0.01682505798286506
-1
0.017077633731850575
0.016141808853053406
-1
0.016544872615694733
-1
0.01648660066810497
0.015428854788443119
-1
0.015732850564406223
-1
0.015262275227497622
-1
0.01586028686172477
0.014881336362303236
-1
0.015310264080429504
-1
0.015179338517871744
0.013859413200843522
-1
0.01384035091538824
-1
0.01454775139389422
-1
0.014414518931568069
0.013193655094044321
-1
0.013948100245238952
-1
0.013495222460770234
-1
0.013138735907723173
-1
0.013396262002471309
-1
0.012938711153847527
-1
0.013160917336242046
0.01263306404586873
-1
0.012202800273628576
-1
0.012000599496849965
-1
0.012103852546321733
-1
0.012015842378006153
-1
0.011775019764900207
-1
0.01161831984383948
-1
0.011793596565856762
-1
0.011548528988622714
-1
0.011265462896967894
-1
0.010704508417138051
-1
0.011386008437314556
-1
0.010661550592922791
-1
0.01058547279778743
-1
0.010700755298004322
-1
0.011802073913132585
0.010290041029186589
-1
0.010403172311766835
-1
0.010773129997904135
0.010509442573025723
-1
0.01007478886202678
-1
0.009494917971442477
-1
0.009586156941366943
-1
0.009873327162841823
-1
0.009084246947661342
-1
0.009342074770922096
-1
0.00907561600008267
-1
0.00904210099837924
-1
0.009122327826833832
-1
0.009099699896854042
-1
0.008416775155654156
-1
0.008715689418966605
-1
0.008765643291692072
-1
0.008405264515338061
-1
0.008146805911256163
-1
0.008581808062741154
-1
