-1
-1
0.07533566762353772
-1
-1
0.07531962862638669
-1
-1
0.07529913510117575
-1
-1
0.07528209808830902
-1
-1
0.07525726712752726
-1
-1
-1
0.07521722717819927
-1
-1
-1
0.07516442927244667
-1
-1
0.07507270017516947
-1
-1
0.07489390740884799
-1
-1
0.07445452391544236
-1
-1
-1
0.07213905047033435
-1
-1
-1
0.06976819255641688
-1
-1
0.06876126388523067
-1
-1
0.0680271079607099
-1
-1
0.06707268357276916
0.06651754256720856
-1
-1
-1
-1
-1
-1
0.06389248020181032
0.06369509964345771
-1
-1
-1
-1
0.06191264909004497
0.061300992074413835
-1
-1
-1
-1
-1
0.05804193025437471
-1
-1
-1
0.05582261999076772
-1
-1
0.05449334895499399
-1
-1
-1
0.05327744517370919
-1
-1
0.05245812139778494
-1
-1
0.052240822638306664
-1
-1
-1
0.05086826910482389
-1
-1
0.050909897768608874
-1
-1
0.05062017490930646
-1
-1
0.05005244311885299
-1
-1
-1
0.04931005083511923
-1
-1
-1
0.048717441347157844
-1
-1
0.04824962387575168
-1
-1
-1
0.047471639207590406
-1
-1
0.04702165901103866
-1
-1
-1
0.04643679667856092
-1
-1
0.04614494381663955
-1
-1
0.04586714734540921
-1
-1
-1
0.044864987157215576
-1
-1
0.044559504495602906
-1
-1
-1
0.043653059674200606
-1
-1
0.043755547939059884
-1
-1
0.043126468318645084
-1
-1
-1
0.042422873979416964
-1
-1
-1
0.041934984727440595
-1
-1
-1
0.041696831973913676
-1
-1
0.04133462056378338
-1
-1
0.040939229281149174
-1
-1
-1
0.04038471448644299
-1
-1
0.03956218459338785
-1
-1
0.03965965520555728
-1
-1
-1
0.03883009371913482
-1
-1
-1
0.038905194401741026
-1
-1
0.0382388631317103
-1
-1
-1
0.03791366372710077
-1
0.03800208955724663
-1
-1
-1
0.03734281862450537
-1
-1
0.036877195216784966
-1
-1
-1
0.03628888861319729
-1
-1
0.0365222161896875
-1
-1
-1
0.03531712828395523
-1
-1
0.03560646413085617
-1
-1
-1
0.0348126569083918
-1
-1
0.034511013927860795
-1
-1
-1
0.034033170788087576
-1
-1
0.03341365451010588
-1
-1
-1
0.033581847203112095
0.03295393725421941
-1
-1
-1
0.03284987103994762
-1
-1
-1
0.03179840115464736
-1
-1
0.031415127997643476
-1
-1
-1
0.03116153051084447
-1
-1
-1
0.031168685393912772
-1
-1
-1
0.030821537957570262
-1
-1
0.029552226548439985
-1
-1
0.029464544815437817
-1
-1
-1
0.029304196191168277
0.028422632089285093
-1
-1
-1
-1
0.027953813970088958
-1
-1
-1
0.02799099676798437
0.027111132644882827
-1
-1
-1
-1
0.027033991429293268
-1
-1
-1
0.0268816763691813
-1
-1
0.026604480359041803
-1
-1
0.02578645632645794
-1
-1
-1
-1
0.025425196724517325
-1
-1
0.024833978252990226
-1
-1
-1
0.024459155600204643
-1
-1
-1
0.024089191693847423
-1
-1
0.023976240174792638
-1
-1
0.02368830721651282
-1
-1
-1
0.023760765024991793
-1
-1
-1
0.023144391680432256
0.022387081739779945
-1
-1
-1
-1
-1
0.022465812400958247
0.021587619300339825
-1
-1
-1
-1
0.021802840333118616
0.021148125548786093
-1
-1
-1
-1
0.020603282384086995
-1
-1
-1
0.02092506052734696
0.020481909964686244
0.02023305790585892
-1
-1
-1
-1
-1
-1
-1
0.019750782328649102
0.018989864712424365
-1
-1
-1
-1
-1
0.01959042287318506
0.018776501248651576
-1
-1
-1
-1
-1
0.018768302393015298
0.017748434789409146
-1
-1
-1
-1
-1
0.01795367179003274
0.01733095229159449
-1
-1
-1
-1
-1
0.017254438338296436
0.016656275403416045
-1
-1
-1
-1
-1
0.01663419956985478
0.016783274085234817
0.015958266451119262
-1
-1
-1
-1
-1
-1
-1
-1
0.0167231201324786
0.015609757734514843
0.01527849503000763
0.01461117248982191
-1
-1
-1
-1
-1
-1
-1
-1
-1
0.0149473865821122
0.014542444929410921
0.014666184236373857
0.013651533015768661
-1
-1
-1
-1
-1
-1
-1
-1
-1
-1
0.013862247329866776
0.01342136190734177
0.012667934070820007
-1
-1
-1
-1
-1
-1
-1
0.01357286778217721
0.013404084411319172
0.013082666002283586
0.012061748354234427
0.012194600386249128
0.01176026399795697
0.010963679682985644
-1
-1
-1
-1
-1
-1
-1
-1
-1
-1
-1
-1
-1
-1
-1
-1
0.012444615500726711
0.0111264894655514
-1
-1
-1
-1
-1
0.011668580720009647
0.01094682439465389
0.010894357129304765
-1
-1
-1
-1
-1
-1
-1
-1
0.01137065390455667
0.010362216197476487
0.009707997829836106
-1
-1
-1
-1
-1
-1
-1
-1
0.010863619903537715
0.009925550379938334
0.00950200094092881
0.009779346634189938
0.008965631454277818
0.00844022248584394
-1
-1
-1
-1
-1
-1
-1
-1
