-1
-1
-1
-1
-1
-1
-1
-1
-1
0.07243475260359518
0.07242498097794779
-1
0.0724245242858201
0.0724191312039836
-1
-1
-1
0.07240021126993586
-1
-1
-1
0.07236901358272252
-1
-1
0.07231833082906315
-1
0.07225120362271084
-1
0.07217180680692865
-1
-1
-1
-1
0.07137286646982258
-1
-1
0.0685860946740997
0.06781152296602057
-1
-1
0.06680248383725627
-1
0.06618750743651658
-1
-1
0.06569251623046532
-1
-1
0.06472801508528463
-1
-1
0.06391136908799075
-1
-1
0.06302024953820733
0.06259561592273498
-1
-1
-1
-1
-1
0.060916849414954025
-1
-1
0.05957252781042892
-1
-1
-1
0.05741475603553686
-1
0.05654681886180063
0.05592565584718512
-1
-1
-1
-1
-1
-1
-1
0.05389788499039211
-1
-1
-1
-1
0.05300702137893505
-1
-1
-1
-1
0.05201793611719367
0.05177305376931522
0.051445251368404776
0.05134040162804421
-1
-1
-1
-1
-1
-1
-1
-1
-1
-1
0.049875743415918244
0.049498782800824453
0.049171505778023365
-1
0.04895283377572392
0.048861251038111994
0.04863523665438877
-1
-1
-1
-1
-1
-1
-1
-1
-1
-1
-1
-1
0.04661217727018206
-1
-1
-1
-1
-1
-1
-1
0.04606907217690114
0.04582765391703402
-1
-1
-1
0.04506238005134497
0.045170486214455595
-1
-1
-1
-1
-1
-1
-1
0.043606628675139356
-1
0.04364258846540129
0.043410319478324286
-1
-1
-1
-1
0.04270411314589254
0.04273554303672876
-1
0.04258870569507728
-1
0.041960205924644896
-1
0.041479698299022205
-1
0.04143706487805656
-1
-1
0.04090012759305118
-1
0.04065964455015204
0.04059302964907014
-1
0.04059633903289109
-1
-1
-1
0.03974989149007904
-1
-1
-1
0.03925407921330313
-1
0.039450809955596924
-1
-1
-1
0.03845276685243242
-1
0.03828451306632396
-1
-1
-1
0.037449776456597146
-1
-1
-1
-1
0.03745498381303937
-1
-1
-1
0.03703460795156072
-1
-1
-1
0.036120687388302236
-1
-1
-1
-1
-1
-1
-1
0.035380911934241824
-1
-1
0.03500806934378121
0.03465564481328043
-1
0.03427764544326268
-1
-1
0.03356977031472024
-1
-1
-1
0.033431438837158545
-1
0.03296509490923935
-1
0.03274876045377067
-1
-1
-1
-1
0.03266661952050884
0.0318954909517524
-1
0.03152815700916762
-1
0.03134406009416901
-1
-1
0.031212174169133217
-1
0.030319278963496177
-1
-1
-1
0.029984022178006976
-1
0.029885000164589188
-1
-1
-1
0.029807354305567364
-1
-1
0.029263465056258642
-1
-1
0.028849238465341293
-1
-1
0.028168633385990443
-1
-1
0.028390469202834567
-1
-1
-1
0.027942122957679665
-1
-1
-1
0.027156215651651446
-1
-1
-1
-1
0.026926718816328583
-1
-1
-1
0.026278165726179487
-1
0.02621166079231862
-1
0.02570001678520374
-1
0.025350297515311936
-1
0.025405269124534693
-1
-1
-1
0.02485129135378291
-1
-1
-1
0.024170333856946967
-1
-1
0.02464888982558518
-1
-1
0.023769189708688288
-1
-1
0.023910580886883682
-1
-1
0.023492736977137874
-1
-1
0.02335106324613764
-1
-1
-1
-1
-1
-1
-1
-1
0.02276940063144384
-1
-1
0.021988495909765864
-1
0.02129327123084765
-1
-1
0.02100719324658426
-1
-1
-1
-1
-1
-1
-1
-1
0.020868149647551976
-1
0.020910764678140705
0.019933064693815252
0.01991296212324935
0.01985514405068387
-1
0.019382922823509473
-1
0.019589884495467284
-1
-1
-1
-1
-1
0.018764081362927898
-1
-1
0.018596063329932393
-1
-1
-1
0.018473120680016077
0.01773202626222975
-1
-1
-1
-1
-1
-1
-1
0.018302422828888627
0.01762026553743341
0.017228712948520533
-1
-1
-1
-1
0.016864407591605454
0.017304564500122927
0.015975499340657437
-1
-1
-1
0.015860803904158345
-1
-1
-1
-1
-1
-1
0.016093797998481922
0.015550778856438198
0.014758371154913743
-1
-1
-1
0.014865218688932697
-1
-1
0.015324114226223377
-1
-1
-1
0.014096711164110163
-1
-1
-1
0.01385665316929978
-1
0.013578222266743692
0.013533350282840514
-1
-1
-1
-1
0.014032003953215782
-1
-1
-1
0.013473159878441457
-1
0.013081664972090989
-1
-1
-1
0.012715456760331485
-1
0.01270928204059601
-1
-1
-1
-1
0.013101012713453743
0.01200102869044529
-1
-1
-1
0.011716520736056767
-1
-1
-1
0.011976999074555515
-1
0.011580412940362866
-1
-1
0.011123047836041183
-1
-1
0.010301557122991327
-1
0.011250192208236523
0.010759884993012033
-1
-1
-1
-1
-1
0.010987800651052024
-1
-1
0.010796731522913728
-1
-1
-1
0.010328917017813478
-1
-1
-1
-1
0.01053229747193583
-1
-1
0.010355306468652875
-1
0.010190745920277713
-1
-1
-1
-1
-1
-1
-1
0.00973877873983276
0.009440795348936253
0.009170955337500305
-1
-1
-1
-1
0.00945306235150005
0.008935296803377988
0.008567598639579302
-1
-1
-1
0.008815502912810679
-1
-1
0.00828157252475117
-1
