-1
-1
-1
-1
-1
-1
-1
-1
-1
-1
-1
-1
0.07373639484292037
0.07373061572932543
0.07371163117258173
-1
-1
-1
-1
-1
-1
-1
-1
0.0736453292026127
-1
-1
-1
-1
-1
-1
-1
-1
-1
-1
-1
-1
-1
0.06894632204173631
-1
-1
-1
-1
-1
-1
-1
-1
-1
-1
-1
-1
-1
-1
-1
0.06372180345129366
-1
-1
-1
-1
-1
-1
-1
-1
-1
0.060360174593718154
0.059744411256820715
-1
0.058845567866921154
-1
-1
-1
-1
-1
-1
0.055874957481838204
-1
-1
-1
-1
-1
-1
-1
-1
0.05392562224608537
-1
-1
0.05361079274926087
-1
-1
-1
-1
-1
-1
-1
-1
-1
-1
-1
-1
-1
-1
0.05131763217105473
-1
-1
-1
-1
-1
-1
-1
0.050077315380698754
-1
-1
-1
-1
-1
-1
-1
0.04792230576617767
0.04817603774692701
-1
-1
0.047813705503258606
-1
0.047185048522338166
0.04708952287241851
-1
0.04690053332042912
0.046563058750580325
-1
-1
-1
-1
-1
-1
-1
-1
0.0452781271334371
-1
-1
-1
-1
-1
-1
-1
-1
0.04473444717154077
-1
-1
-1
-1
0.04384210611644544
-1
-1
0.04352852070631642
-1
-1
-1
-1
-1
-1
-1
-1
0.042723938584054905
-1
-1
0.04222021506634675
-1
-1
-1
0.04190619750208385
-1
0.041425029473119254
-1
-1
-1
-1
-1
-1
-1
-1
-1
-1
0.040929764959304775
-1
-1
-1
-1
0.04041877161174399
0.039513161007817876
-1
-1
-1
-1
0.03925966602713893
-1
-1
-1
-1
-1
-1
-1
-1
-1
-1
-1
-1
0.03795244164543239
-1
-1
-1
-1
-1
-1
-1
-1
-1
-1
-1
-1
-1
-1
-1
-1
-1
0.036632221350680776
-1
-1
-1
-1
-1
-1
-1
-1
-1
-1
-1
0.03516803387919061
-1
-1
-1
-1
-1
-1
-1
-1
-1
-1
-1
-1
-1
-1
-1
0.033407545498906885
-1
0.03350171453619985
-1
-1
-1
0.03274766225836642
-1
-1
-1
-1
-1
0.03224095373459211
-1
0.031061418542054478
-1
-1
0.0312994110502422
-1
-1
-1
-1
-1
-1
-1
-1
-1
-1
-1
-1
-1
-1
-1
0.02987985166313992
-1
-1
-1
-1
-1
-1
-1
-1
-1
-1
-1
-1
-1
-1
-1
-1
-1
-1
-1
-1
-1
-1
-1
-1
-1
-1
-1
-1
-1
-1
-1
-1
-1
-1
-1
-1
-1
-1
-1
-1
-1
-1
-1
-1
-1
-1
-1
-1
-1
0.02702459006887824
-1
0.02629955888340075
-1
-1
-1
-1
-1
-1
-1
-1
-1
-1
-1
-1
-1
0.02489374185863294
-1
-1
-1
-1
-1
-1
-1
-1
-1
-1
-1
-1
-1
0.024265695491153535
-1
-1
0.024458300589969558
-1
-1
-1
-1
-1
-1
-1
-1
-1
-1
-1
-1
-1
0.022391042242879453
-1
-1
-1
-1
0.022997483440613038
-1
-1
-1
-1
-1
-1
-1
-1
-1
-1
-1
-1
0.021993324017361045
0.02119847815696926
0.01993126200183851
-1
0.020300076073312648
-1
-1
0.01937186774591014
-1
-1
-1
-1
-1
0.018768870005345727
0.017419530229655776
-1
-1
-1
-1
-1
-1
-1
-1
-1
0.018883256351647715
-1
-1
-1
0.01798814454667901
0.017220614731175404
-1
-1
-1
-1
-1
-1
-1
-1
-1
-1
0.018669741104614817
-1
0.016942114967776107
-1
-1
-1
-1
-1
-1
-1
-1
-1
0.0175113701779455
-1
-1
-1
-1
-1
-1
-1
0.016227375601740122
-1
-1
0.017180447297456335
-1
-1
-1
-1
-1
-1
-1
0.01597370659118386
0.015795128535078647
-1
-1
0.014993209789082987
-1
-1
-1
-1
-1
-1
-1
-1
-1
-1
-1
-1
-1
-1
-1
0.015334777707911739
-1
-1
-1
-1
-1
-1
0.01532793699058297
0.014499435203844677
-1
