-1
-1
0.07411793524568731
0.07411385214690006
-1
0.07410457974130458
-1
-1
-1
0.07408427704464304
-1
0.07408388925321174
-1
-1
-1
-1
0.07402825445839853
-1
-1
-1
0.07393859083002263
0.07388303433403824
-1
-1
-1
0.07349227702978886
-1
-1
-1
-1
-1
-1
-1
-1
0.07103148734930789
-1
-1
-1
0.06902204824216437
-1
-1
-1
-1
0.06658329710815891
-1
0.06576805037982536
-1
-1
-1
-1
-1
-1
0.06397816376252607
0.06407011539647074
0.0635561932216991
-1
0.06332257191340128
-1
-1
0.06277387828537913
-1
-1
0.06197085624391382
-1
-1
-1
-1
-1
-1
-1
-1
0.05909442910642335
-1
-1
0.05836347860820366
0.057712025985573276
-1
-1
-1
-1
0.05602157368804469
-1
-1
0.05493791554913376
-1
-1
0.054137340865351935
-1
0.05349316443457748
-1
-1
-1
0.052809561156865324
0.052399146872939485
0.05200382963274464
-1
-1
-1
-1
-1
0.0508414777842435
-1
0.050255323901320946
-1
0.04980976504809929
-1
0.04961254619287722
-1
-1
-1
-1
-1
-1
-1
0.04843080319238431
-1
0.04757013481223222
-1
-1
-1
-1
-1
-1
-1
-1
-1
-1
-1
-1
-1
-1
-1
-1
0.0452050259393273
-1
-1
-1
0.044840018428636316
-1
0.0443040925896529
-1
-1
-1
-1
-1
-1
0.04347135453964725
0.043053160427194655
-1
-1
-1
-1
-1
0.04227589827143785
-1
-1
0.0418042635150028
0.04135515222495253
-1
-1
-1
-1
-1
-1
-1
0.04091726728912556
-1
-1
-1
-1
-1
-1
-1
0.03946487345930302
-1
-1
-1
-1
0.03880748313033219
0.038480007603312986
-1
-1
0.0381623324797009
-1
-1
-1
-1
-1
-1
-1
0.037591398304158995
-1
-1
-1
-1
0.03675464147871191
0.03621150754166372
-1
-1
0.036053773625330486
-1
-1
0.03603392272736087
-1
-1
-1
-1
0.03514513365472808
0.034398787084854006
0.034280581591707285
-1
-1
-1
-1
-1
-1
-1
0.03378789065913721
-1
-1
-1
0.033025024424899706
0.032518712939186525
-1
-1
-1
-1
0.03241979486562989
-1
-1
-1
-1
-1
-1
-1
-1
-1
0.0316042141593767
-1
0.030660120713891403
0.030618599892565698
-1
-1
-1
-1
-1
0.030264033806143384
-1
0.030243568720691134
-1
-1
0.02962082326412201
-1
-1
-1
-1
-1
-1
-1
-1
-1
-1
-1
-1
-1
-1
-1
-1
-1
-1
-1
-1
-1
-1
-1
-1
0.027817337468943815
-1
-1
-1
-1
0.0267950442817175
0.026891804226871693
-1
-1
-1
0.026213941875506533
-1
0.025720042870803313
-1
-1
-1
-1
-1
-1
-1
-1
-1
-1
0.026076161223604826
-1
-1
-1
-1
-1
0.024483066074775926
-1
-1
-1
-1
-1
0.02414809110376871
-1
-1
-1
0.023121521215547215
-1
-1
-1
0.02324280920579578
0.023406626058347296
-1
-1
-1
-1
0.02291454038949627
0.022071234340017492
-1
-1
-1
0.022368464212525974
0.021980339587863648
-1
-1
-1
0.021750568124380976
-1
-1
-1
0.02075365200130777
0.021176453222605314
-1
0.020610389446444586
0.01953700666287632
-1
-1
-1
-1
-1
-1
0.019790127450092274
-1
-1
-1
0.019339229194729617
-1
0.019305153224955907
0.018490505300349357
-1
-1
-1
0.018521333135890237
-1
-1
0.01833287605902914
-1
-1
-1
-1
-1
-1
-1
0.017958559756251897
-1
-1
-1
-1
-1
-1
0.017434676510818075
0.017478924255931016
-1
-1
-1
-1
-1
-1
-1
0.017361722694653456
-1
-1
-1
-1
-1
0.016797958686947823
-1
0.016004900284337275
-1
0.015694452974606643
-1
-1
-1
-1
-1
-1
-1
-1
-1
0.015567194292265357
0.015555417568733293
-1
-1
-1
-1
0.014890107374186768
-1
-1
-1
-1
-1
-1
-1
-1
-1
-1
0.014825273130201932
0.014954378088992654
-1
-1
-1
-1
-1
-1
-1
0.013523461402986537
-1
-1
-1
-1
-1
0.014596965268367167
-1
-1
-1
-1
-1
-1
-1
-1
0.013446723582279501
-1
-1
-1
-1
-1
-1
-1
-1
0.012810316646584507
-1
-1
-1
-1
-1
-1
-1
0.013461260728989587
0.012199056526702463
-1
-1
-1
-1
-1
-1
-1
-1
-1
-1
0.012701591373788138
-1
0.012436321662795364
-1
-1
-1
-1
-1
0.011551387716705601
0.01102895758919079
0.010532221425268235
-1
-1
-1
-1
0.011242929984335646
0.010006489048740177
-1
-1
-1
0.011184147608494668
-1
