-1
0.07657747839612601
-1
0.07657279429044533
-1
0.07656625665212154
-1
0.07657346862911385
-1
0.07656330988306694
-1
0.07655524118512275
-1
0.07655551682026054
-1
0.0765464705532776
-1
-1
0.07654340716529051
-1
0.07653786570428481
-1
-1
0.07652523173989847
-1
0.07652113569813664
-1
0.07649718610251822
-1
0.07646796983520102
-1
-1
0.07642883091438107
-1
-1
0.07634719554706583
-1
0.07620017290644
-1
-1
0.07578115896745162
-1
0.07538025130718087
-1
0.07486096972108153
-1
0.07433806279810465
-1
0.07371887457608647
-1
0.07284799214212964
-1
0.07219436602158981
-1
-1
0.07117500458482628
-1
0.07050030675537042
-1
-1
0.06868505134286479
-1
0.06743986469150383
-1
0.06669242123013853
-1
0.06640670859892987
-1
0.06588851586149432
-1
0.06548316240839314
-1
0.06564774909727854
0.0651174850844491
-1
0.06442994859953413
-1
0.06424034054157739
-1
0.06408210847435927
-1
-1
0.06377612561185715
-1
0.06295298203132105
-1
-1
0.06171850285878996
-1
0.06105554822807566
-1
0.06019398790769725
-1
0.059816359865691865
-1
0.058882446431796465
-1
-1
0.057987229390577835
-1
0.05730372868197456
-1
0.05724639165692213
-1
0.05673902090267173
-1
-1
0.05615724216807972
0.05584514373686256
-1
-1
0.055434611419880736
0.05525325534084684
-1
0.054807874448019225
-1
0.05463005603020577
-1
0.054081338630811604
-1
0.053910877236770155
0.05376800843194425
-1
-1
-1
0.05365130446702572
-1
0.05317111636476876
-1
-1
0.052986969123129835
-1
-1
0.0524266555277577
0.05233956036176491
-1
0.05204023399004122
0.05216869451518598
-1
0.05165009811817939
-1
0.05174836187299234
0.05135390463795207
0.05177371496636164
-1
0.05107898576032296
-1
0.05073155588955679
0.05070424871539858
-1
0.04994604924565673
0.05020124905653909
-1
0.049924960950525794
0.049662641543242465
0.049694649382864026
-1
0.04922710998095325
0.04913021146326002
-1
0.04933726072575723
-1
0.049111539931625064
-1
0.04870000048117204
-1
0.04824115438366148
0.048147809333653244
-1
0.04812226843939652
0.04773858451261753
0.04748610391585102
0.04726468808370789
-1
0.046847990730120706
0.04723102410722466
-1
0.04681981049990178
0.04659036156079193
0.04642833592886406
0.045976929482229534
-1
-1
0.04584870941755248
-1
0.04554001925525539
-1
-1
0.0449573837005907
-1
0.04476685286096881
-1
0.04476962239541394
0.04424454688761557
0.0442603993970909
0.0437719395446143
-1
-1
0.04399369180598967
0.0433127379734606
0.042831978578525214
-1
0.04304267419151086
0.04286211108553436
0.042401735316094695
-1
0.04268930066715587
-1
0.04201238132236802
0.042222145265856235
0.041239536185222296
-1
0.04101418942675622
0.04139945911132047
0.040898354169799055
0.0407758757438998
-1
0.040481229466768166
-1
0.0405588087313984
0.040120148024379285
0.03987445024455466
-1
0.0395052082720987
-1
0.03973357119079175
0.039279638471994595
-1
0.039097742260559704
-1
0.03844570864793202
-1
0.03838734125218741
-1
-1
0.03817047162225135
-1
0.03743460822660484
-1
0.03749101099180277
-1
0.03681464367060862
-1
-1
-1
0.03664951814780478
-1
0.03665087245520361
0.03553489443996793
-1
-1
0.03623653521426765
0.03530334206483845
-1
0.03534107859145247
-1
0.03496408815229283
0.034254699387069286
-1
0.034548247798847784
0.03436548762899016
-1
-1
0.03385080652695537
-1
0.0336540349207802
-1
0.033486268537205766
0.033345563465237885
-1
0.03285613425918535
-1
0.0325796132490138
-1
-1
0.03276110797988338
0.03163487568266376
-1
0.03141360915619095
-1
0.030964579942022882
-1
0.03113007614360152
-1
0.03101603803276487
0.03075024149320739
-1
0.030854923844733945
-1
-1
0.02961617445866443
-1
0.029918937285961438
0.029808271331857157
-1
0.029255560397308842
-1
0.029170186431900887
-1
-1
-1
0.02896303318754797
-1
-1
0.029225695876615276
-1
0.02818335268539098
0.02828562518709779
-1
-1
0.02774211172749621
0.027785038123704378
0.02760633436463228
0.02680030177840901
-1
0.026531572836531767
-1
0.026243754999171077
-1
0.025656154277649793
-1
-1
-1
0.026027189257106603
0.025972173135818503
0.025655059341316476
-1
-1
0.025048131315644723
0.025026450842875
-1
0.024692916569450742
0.02453020080808393
0.02403956639504023
0.02393580990370586
-1
0.023656515756460883
-1
-1
0.023689488180502094
-1
0.023454250725081185
-1
-1
-1
0.023380985039135566
0.02316561994729295
-1
0.022046445140887688
-1
0.02323957927351582
0.02249158283596458
-1
0.02191541127492973
0.02202029724846988
0.021478175180767993
-1
0.02154702136701927
-1
0.02194034571443455
0.020706262623895362
-1
0.0202718873074621
0.020138154199920974
-1
0.019511604785687905
-1
0.019628371863508236
-1
0.019943288307298312
0.019717502132049883
-1
0.01891888480616977
-1
0.01950384254114054
0.018884200862652217
-1
0.01813550855192106
-1
0.018156813361791445
-1
0.01844636573344717
-1
0.017729650888315292
-1
0.017541604235762124
-1
0.017436286379808267
0.01753217872157858
-1
0.01709400160716198
-1
0.016486015880507254
-1
0.01657831988456409
0.016485466183619596
-1
0.017070348245172274
0.015525739690383891
-1
-1
0.015937409595794927
-1
0.015583636688054054
0.015306870661884497
-1
0.015175457702621305
0.014384349817647588
-1
-1
-1
0.014766172549758053
-1
0.014468229015330947
0.014433308700698443
-1
0.014332955361198337
-1
-1
0.014452718096752207
0.014163266862546426
0.013191374334890784
-1
0.014000567327229773
0.01296665066344139
-1
0.012715664066522983
-1
-1
-1
0.013223263446423338
-1
0.012407008774099487
-1
0.012846779011854874
-1
-1
-1
0.012039366965347327
-1
0.012000201649715022
-1
-1
-1
0.012106177650953225
0.01273197628234507
-1
0.011959334842611864
-1
0.011605769977336977
-1
0.011546634146148657
0.011559000385824763
-1
0.011633748762495918
0.01106594403552102
0.010396342438763367
-1
0.01105805011304816
-1
0.010433411018335944
-1
0.01077022993864343
-1
0.010748892096377199
-1
0.010556511483939896
-1
-1
0.011049985056922423
0.01041991964453406
-1
-1
0.010117181807270113
-1
0.009915823884400748
-1
-1
0.009868644659217454
-1
0.00991625378726999
0.009471237601814564
-1
0.010107443239723051
0.009230473345871435
-1
-1
0.00882761924010815
-1
-1
0.008697135770949483
-1
0.009016302706993303
-1
0.009162095547794414
-1
0.00816650631460165
-1
-1
0.00871967037326052
