-1
-1
0.03794932083598829
-1
-1
-1
-1
-1
-1
-1
-1
-1
-1
-1
-1
-1
-1
-1
-1
-1
-1
-1
-1
-1
-1
-1
0.029507064537517284
-1
-1
-1
0.02829330300044788
-1
-1
-1
-1
-1
0.027680535801195366
-1
-1
-1
-1
-1
-1
-1
-1
-1
-1
-1
-1
0.025857900389542818
-1
-1
-1
0.025402211748398226
0.024961224909933463
-1
-1
-1
0.024520638197589994
-1
-1
0.024472207098706112
-1
-1
-1
0.023764339406439596
-1
-1
-1
-1
-1
-1
0.02312397652484001
-1
-1
0.022696130100998753
-1
0.02264226277669271
-1
-1
-1
-1
-1
-1
-1
-1
-1
-1
-1
-1
-1
-1
-1
-1
-1
-1
-1
-1
-1
-1
