-1
-1
0.03999496816891676
0.039366480063276685
-1
-1
0.03640936015874554
-1
-1
0.03609245506643552
-1
-1
0.035267661050049186
0.034471555620606185
0.03406896112490351
-1
-1
-1
-1
-1
-1
-1
-1
0.03148801693907025
-1
-1
0.03049892338163439
0.030074985078436124
-1
-1
-1
-1
-1
0.027888527181413436
-1
-1
0.027155535588255172
-1
0.026870613232923064
0.026027325847227903
-1
-1
-1
-1
-1
-1
-1
0.02537327577263756
-1
0.024642084204894988
-1
-1
0.025343505936524093
0.02473035102699235
-1
-1
0.02460571138249968
-1
-1
-1
0.02443896331633741
-1
-1
-1
0.02542513890108402
-1
0.024602812156807378
-1
-1
0.025504789529023346
0.022531936833268255
-1
-1
-1
-1
-1
-1
-1
0.023553956420565673
-1
-1
0.023542951782312076
-1
-1
-1
0.021988130888046575
-1
0.0235923497009928
-1
-1
-1
0.022024523131331505
0.019988455197848306
-1
-1
-1
-1
-1
-1
-1
